Test Number: 1
         n         m            IPM KKT Error              IPM d Error       IPM Time      IPM Iters       DAS KKT Error              DAS d Error       DAS Time      DAS Iters
----------------------------------------------------------------------------------------------------------------------------------------------------------------------------------------
        10        11             5.912154e-07             7.813869e-08         0.0007        10              -1.0214e-14               1.7764e-15         0.0002        15
        10        15               9.7487e-07               1.4512e-07         0.0008        11              -2.6645e-15               2.6645e-15         0.0002        16
        10        20               8.3661e-08               1.0602e-08         0.0012        14              -1.7764e-15               1.7764e-15         0.0003        20
       100       101               9.0125e-07               8.2288e-10         0.0520        13              -1.9668e-11               6.1284e-14         0.0093       127
       100       150               2.4414e-07               3.3063e-10         0.1708        31              -4.6612e-12               3.4750e-14         0.0204       154
       100       200               2.0618e-07               2.9622e-10         0.1779        25              -2.6148e-11               8.3378e-14         0.0214       148
      1000      1001               7.4463e-07               1.2489e-10        38.5683        43              -4.2455e-09               5.0460e-13         7.9482      1373
      1000      1500               4.1086e-07               8.9139e-11        54.5649        42              -7.0468e-09               1.1053e-12       119.2928      1984
      1000      2000               9.1379e-07               1.6140e-10        76.6015        42              -8.2170e-06               8.2170e-06        84.6071      1756
      1200      1201               8.5642e-07               7.4979e-11        73.4527        53              -1.6786e-08               1.1774e-12        13.7375      1679
      1200      1800               5.9540e-07               6.1927e-11        78.5491        38              -7.6025e-09               7.5473e-13       341.6094      2341
      1200      2400               9.8154e-07               9.8518e-11       136.8885        48              -4.3900e-06               4.3900e-06       267.9831      2254
IPM TEST WAS SUCCESSFUL.
DAS TEST WAS SUCCESSFUL.
 
Test Number: 2
         n         m            IPM KKT Error              IPM d Error       IPM Time      IPM Iters       DAS KKT Error              DAS d Error       DAS Time      DAS Iters
----------------------------------------------------------------------------------------------------------------------------------------------------------------------------------------
        10        11               5.9122e-07               7.8139e-08         0.0007        10              -1.0214e-14               1.7764e-15         0.0002        15
        10        15               9.7487e-07               1.4512e-07         0.0008        11              -2.6645e-15               2.6645e-15         0.0002        16
        10        20               8.3661e-08               1.0602e-08         0.0013        14              -1.7764e-15               1.7764e-15         0.0003        20
       100       101               9.0125e-07               8.2288e-10         0.0504        13              -1.9668e-11               6.1284e-14         0.0091       127
       100       150               2.4414e-07               3.3063e-10         0.1684        31              -4.6612e-12               3.4750e-14         0.0200       154
       100       200               2.0618e-07               2.9622e-10         0.1776        25              -2.6148e-11               8.3378e-14         0.0187       148
      1000      1001               7.4463e-07               1.2489e-10        39.3924        43              -4.2455e-09               5.0460e-13         8.1091      1373
      1000      1500               4.1086e-07               8.9139e-11        54.8830        42              -7.0468e-09               1.1053e-12       118.7019      1984
