Test Number: 1
         n         m            IPM KKT Error              IPM d Error       IPM Time      IPM Iters       DAS KKT Error              DAS d Error       DAS Time      DAS Iters
----------------------------------------------------------------------------------------------------------------------------------------------------------------------------------------
        10        11             5.912154e-07             7.813869e-08         0.0007        10              -1.0214e-14               1.7764e-15         0.0004        15
        10        15               9.7487e-07               1.4512e-07         0.0015        11              -2.6645e-15               2.6645e-15         0.0004        16
        10        20               8.3661e-08               1.0602e-08         0.0020        14              -1.7764e-15               1.7764e-15         0.0004        20
       100       101               9.0125e-07               8.2288e-10         0.0529        13              -1.9668e-11               6.1284e-14         0.0068       127
       100       150               2.4414e-07               3.3063e-10         0.1095        31              -4.6612e-12               3.4750e-14         0.0144       154
       100       200               2.0618e-07               2.9622e-10         0.1132        25              -2.6148e-11               8.3378e-14         0.0112       148
      1000      1001               7.4463e-07               1.2489e-10        27.2405        43              -4.2455e-09               5.0460e-13         5.5695      1373
      1000      1500               4.1086e-07               8.9139e-11        39.0070        42              -7.0468e-09               1.1053e-12        79.8078      1984
      1000      2000               9.1379e-07               1.6140e-10        54.6266        42              -8.2170e-06               8.2170e-06        56.9444      1756
      1200      1201               8.5642e-07               7.4979e-11        52.3149        53              -1.6786e-08               1.1774e-12         9.9966      1679
      1200      1800               5.9540e-07               6.1927e-11        55.5071        38              -7.6025e-09               7.5473e-13       236.8321      2341
      1200      2400               9.8154e-07               9.8518e-11        98.4392        48              -4.3900e-06               4.3900e-06       179.5969      2254
 
Test Number: 2
         n         m            IPM KKT Error              IPM d Error       IPM Time      IPM Iters       DAS KKT Error              DAS d Error       DAS Time      DAS Iters
----------------------------------------------------------------------------------------------------------------------------------------------------------------------------------------
        10        11               5.9122e-07               7.8139e-08         0.0004        10              -1.0214e-14               1.7764e-15         0.0001        15
        10        15               9.7487e-07               1.4512e-07         0.0005        11              -2.6645e-15               2.6645e-15         0.0001        16
        10        20               8.3661e-08               1.0602e-08         0.0008        14              -1.7764e-15               1.7764e-15         0.0002        20
       100       101               9.0125e-07               8.2288e-10         0.0311        13              -1.9668e-11               6.1284e-14         0.0055       127
       100       150               2.4414e-07               3.3063e-10         0.1063        31              -4.6612e-12               3.4750e-14         0.0122       154
       100       200               2.0618e-07               2.9622e-10         0.1131        25              -2.6148e-11               8.3378e-14         0.0118       148
      1000      1001               7.4463e-07               1.2489e-10        29.7357        43              -4.2455e-09               5.0460e-13         7.9913      1373
      1000      1500               4.1086e-07               8.9139e-11        41.6022        42              -7.0468e-09               1.1053e-12        80.0515      1984
      1000      2000               9.1379e-07               1.6140e-10        54.7193        42              -8.2170e-06               8.2170e-06        57.2891      1756
      1200      1201               8.5642e-07               7.4979e-11        52.4333        53              -1.6786e-08               1.1774e-12         9.9708      1679
      1200      1800               5.9540e-07               6.1927e-11        55.3124        38              -7.6025e-09               7.5473e-13       229.5315      2341
      1200      2400               9.8154e-07               9.8518e-11        97.9797        48              -4.3900e-06               4.3900e-06       179.5636      2254
 
Test Number: 3
         n         m            IPM KKT Error              IPM d Error       IPM Time      IPM Iters       DAS KKT Error              DAS d Error       DAS Time      DAS Iters
----------------------------------------------------------------------------------------------------------------------------------------------------------------------------------------
        10        11               2.4587e-08               4.2671e-09         0.0003         9              -1.7764e-14               1.7764e-15         0.0001        12
        10        15               7.2514e-07               2.0004e-07         0.0004         9              -4.4409e-16               4.4409e-16         0.0001        17
        10        20               7.7309e-07               7.9250e-08         0.0007        13              -8.8818e-16               9.9920e-16         0.0001        15
       100       101               8.3011e-07               5.8798e-10         0.0413        17              -5.0022e-12               2.6423e-14         0.0060       136
       100       150               2.6716e-07               6.6457e-10         0.0729        22              -9.6456e-12               4.4298e-14         0.0113       177
       100       200               1.0230e-07               2.5500e-10         0.1153        26              -4.1966e-14               4.1966e-14         0.0179       193
      1000      1001               7.1178e-07               1.2077e-10        28.5384        45              -5.2814e-09               1.3693e-12         4.8527      1339
      1000      1500               7.6118e-07               3.2336e-10        33.9428        37              -3.7552e-06               4.9256e-06        34.8837      1557
      1000      2000               6.7266e-07               1.1577e-10        58.6161        45              -5.6243e-09               4.3365e-13       144.3272      2120
      1200      1201               6.2158e-07               9.1850e-11        49.3174        50              -1.0246e-08               9.4613e-13        10.0376      1687
      1200      1800               5.7316e-07               9.7884e-11        67.6881        46              -5.4209e-06               5.4209e-06       117.9739      2167
      1200      2400               8.2028e-07               1.2355e-10        96.1972        47              -8.9115e-06               8.9115e-06       202.3371      2349
 
Test Number: 4
         n         m            IPM KKT Error              IPM d Error       IPM Time      IPM Iters       DAS KKT Error              DAS d Error       DAS Time      DAS Iters
----------------------------------------------------------------------------------------------------------------------------------------------------------------------------------------
        10        11               4.4675e-07               8.1250e-08         0.0003         8              -3.1086e-15               6.2172e-15         0.0001        12
        10        15               6.4358e-08               3.5301e-09         0.0004        10              -1.9984e-15               1.9984e-15         0.0001        13
        10        20               8.7527e-07               3.7405e-07         0.0006        11              -2.8422e-14               1.7764e-15         0.0001        15
       100       101               1.4456e-07               2.2150e-10         0.0503        21              -3.8214e-13               3.8214e-13         0.0106       134
       100       150               1.8971e-07               2.4190e-10         0.0851        25              -1.1994e-11               3.2419e-14         0.0200       178
       100       200               1.8678e-07               2.6748e-10         0.1340        30              -9.7629e-12               5.7065e-14         0.0210       206
      1000      1001               6.4960e-07               9.1056e-11        27.9544        44              -1.5509e-08               4.5981e-12         4.9691      1358
      1000      1500               6.1821e-07               8.9325e-11        39.4761        43              -3.3736e-06               3.3871e-06        64.3353      1798
      1000      2000               7.2965e-07               9.4103e-11        56.2209        43              -7.8217e-06               7.8217e-06        70.9521      1920
      1200      1201               7.3691e-07               8.6440e-11        46.3503        47              -3.4357e-08               2.2475e-12         9.4667      1609
      1200      1800               8.7521e-07               5.4154e-11        65.6251        45              -1.0437e-08               5.1847e-13       160.0781      2292
      1200      2400               9.9857e-07               1.3850e-10       103.5748        50              -8.2281e-06               1.0619e-05       146.6704      2100
 
Test Number: 5
         n         m            IPM KKT Error              IPM d Error       IPM Time      IPM Iters       DAS KKT Error              DAS d Error       DAS Time      DAS Iters
----------------------------------------------------------------------------------------------------------------------------------------------------------------------------------------
        10        11               5.6093e-09               2.1930e-10         0.0004        11              -2.4869e-14               7.2164e-15         0.0001        14
        10        15               5.8486e-08               8.3796e-09         0.0005        11              -1.9984e-15               2.2204e-15         0.0002        18
        10        20               2.9434e-08               1.0928e-09         0.0009        16              -2.4869e-14               2.1094e-15         0.0002        20
       100       101               6.3135e-07               8.2540e-10         0.0470        19              -9.7486e-12               4.3632e-14         0.0074       137
       100       150               3.2422e-07               4.8806e-10         0.1052        31              -3.5811e-12               2.1982e-14         0.0168       203
       100       200               2.6733e-07               3.9037e-10         0.1430        32              -4.2064e-12               2.8422e-14         0.0222       206
      1000      1001               7.7301e-07               1.2072e-10        30.9370        47              -7.8289e-09               2.8516e-12         4.9810      1309
      1000      1500               7.1358e-07               1.0048e-10        38.8679        41              -5.5279e-09               6.4015e-13        43.5311      1647
      1000      2000               7.6985e-07               1.0505e-10        60.5305        45              -1.1492e-06               1.2946e-06        69.0332      1745
      1200      1201               6.6622e-07               9.6475e-11        43.9220        43              -1.4525e-08               1.3836e-12        10.0880      1644
      1200      1800               5.9390e-07               8.1725e-11        54.0270        36              -1.0430e-08               2.0612e-12       182.5087      2757
      1200      2400               5.6191e-07               8.0878e-11        98.6306        47              -5.4500e-06               5.4500e-06       155.9838      2199
 
Test Number: 6
         n         m            IPM KKT Error              IPM d Error       IPM Time      IPM Iters       DAS KKT Error              DAS d Error       DAS Time      DAS Iters
----------------------------------------------------------------------------------------------------------------------------------------------------------------------------------------
        10        11               1.5679e-07               6.7451e-09         0.0003         8              -1.7764e-14               8.8818e-16         0.0001        12
        10        15               4.8539e-07               4.8466e-08         0.0005        10              -7.1054e-15               1.1102e-15         0.0001        14
        10        20               3.6113e-08               4.4064e-09         0.0005        10              -8.8818e-16               9.9920e-16         0.0001        14
       100       101               2.6886e-07               6.0720e-10         0.0406        17              -1.0317e-11               1.0170e-13         0.0066       131
       100       150               5.0350e-07               6.1287e-09         0.0682        20              -1.0346e-11               5.7288e-14         0.0146       172
       100       200               9.2101e-08               1.0779e-09         0.1187        27              -1.6001e-11               4.9294e-14         0.0171       171
      1000      1001               8.7836e-07               1.4958e-10        26.8368        41              -8.8530e-09               1.3941e-12         5.2196      1364
      1000      1500               7.7877e-07               1.1617e-10        48.0265        43              -2.0587e-08               1.5038e-12       105.2638      1885
      1000      2000               5.6051e-07               8.0719e-11        83.6243        46              -5.7880e-09               5.4834e-13       156.9163      1988
      1200      1201               8.5156e-07               1.1877e-10        66.3908        48              -1.7531e-08               1.4329e-12        13.2723      1637
      1200      1800               8.0217e-07               1.1089e-10        79.0223        38              -3.4372e-08               3.0254e-12       177.2106      2306





Test Number: 5
         n         m            IPM KKT Error              IPM d Error       IPM Time      IPM Iters       DAS KKT Error              DAS d Error       DAS Time      DAS Iters
----------------------------------------------------------------------------------------------------------------------------------------------------------------------------------------

      1000      1500               7.1358e-07               1.0048e-10        38.8679        41              -5.5279e-09               6.4015e-13        43.5311      1647



Test Number: 5
         n         m            IPM KKT Error              IPM d Error       IPM Time      IPM Iters       DAS KKT Error              DAS d Error       DAS Time      DAS Iters
----------------------------------------------------------------------------------------------------------------------------------------------------------------------------------------
      1000      1500             7.135841e-07             1.004785e-10        52.8769        41              -5.5279e-09               6.4015e-13        64.0360      1647
IPM TEST WAS SUCCESSFUL.
DAS TEST WAS SUCCESSFUL.
 
Execution total time: 117.1122 seconds






         n         m            IPM KKT Error              IPM d Error       IPM Time      IPM Iters       DAS KKT Error              DAS d Error       DAS Time      DAS Iters
----------------------------------------------------------------------------------------------------------------------------------------------------------------------------------------
       500      1000             6.150967e-07             1.910656e-10        14.4630        42              -1.3438e-09               3.7725e-13         7.3293       928

