gamma length:  20
vector list size length:  10
vector size length:  10
omega length:  10
total length:  50
Out_Ite              In_Ite           Min_Val_x           Min_Val_z             mu          Inf||r_p||          Inf||r_d||          Inf||r_c||        Inf||r_c+G||          Inf||d_x||          Inf||d_y||          Inf||d_z||          Bar_alph_x          Bar_alph_z              alph_x              alph_y              alph_z
1
1
1
1
1
1
1
1
1
1
0
0
0
0
0
0
0
0
0
0
0
0
0
0
0
0
0
0
0
0
0
0
0
0
0
0
0
0
0
0
0
0
0
0
0
0
0
0
0
0
scalar delta:  1.000000e+00
Hi0
Hi1
Hi2
Hi3
0.1
0.1
0.1
0.1
0.1
0.1
0.1
0.1
0.1
0.1
4000
4000
4000
4000
4000
4000
4000
4000
4000
4000
4000
4000
4000
4000
4000
4000
4000
4000
4000
4000
3668.96
4645.15
3623.89
3700.37
4981
1285.63
4836.86
3580.7
4501.14
6240.52
2984.31
5514.39
5027.21
1328.69
1787.66
4304.8
889.413
4014.1
2277.24
4614.52
End of Theta values.

0
0
0
0
0
0
0
0
0
0
0
0
0
0
0
0
0
0
0
0
0
0
0
0
0
0
0
0
0
0
0
0
0
0
0
0
0
0
0
0
0
0
0
0
0
0
0
0
0
0
End of Myvector_v values.
Gomega+sigma-rho:
0
0
0
0
0
0
0
0
-4.54747e-13
-4.54747e-13
0
0
4.54747e-13
0
0
0
0
0
0
-4.54747e-13
End of Gomega_+sigma-rho:
scalar_tau: 0.000160269
y=-0.98272
1                   1                 0.6                 0.6                   1                   9                   2            0.870777            0.860777             1.00984            0.910801             1.99984            0.444444            0.200016            0.444444             1.07896            0.200016
y=-0.960702
1                   2                0.36                0.36                   1                   5             1.59993            0.941521            0.931521             2.43025             0.14692             1.59954                0.48            0.150043                0.48            0.149863            0.150043
y=-0.935387
1                   3            0.332442               0.216                   1                 2.6             1.35974            0.773807            0.763807             7.28224            0.238831             1.35857            0.553846            0.105993            0.105993            0.105993            0.105993
y=-0.917509
1                   4            0.315887              0.1296                   1             2.32442             1.21562            0.696006            0.686006             15.6824            0.251021              1.2131            0.572086           0.0712223           0.0712223           0.0712223           0.0712223
y=-0.90558
1                   5            0.305925             0.07776                   1             2.15887             1.12904            0.655364            0.645364              34.619            0.258521             1.12349            0.585282           0.0461419           0.0461419           0.0461419           0.0461419
y=-0.897895
1                   6            0.299908            0.046656                   1             2.05925             1.07694            0.632809            0.622809             77.5553            0.263042             1.06451            0.594245            0.029219            0.029219            0.029219            0.029219
y=-0.89302
1                   7            0.296242           0.0279936                   1             1.99908             1.04548            0.619762            0.609762             174.338            0.265758             1.01753            0.600092           0.0183408           0.0183408           0.0183408           0.0183408
y=-0.889915
1                   8            0.293963           0.0167962                   1             1.96242              1.0263            0.611973            0.601973             387.158            0.267402            0.964251             0.60383           0.0116126           0.0116126           0.0116126           0.0116126
y=-0.88787
1                   9            0.292485           0.0100777                   1             1.93963             1.01438            0.607063            0.597063             827.675            0.268419            0.942152            0.606225          0.00761962          0.00761962          0.00761962          0.00761962
y=-0.886414
1                  10            0.291444          0.00604662                   1             1.92485             1.00665            0.603664            0.593664             1632.28            0.269077             0.93214            0.607808          0.00541048          0.00541048          0.00541048          0.00541048
y=-0.88523
1                  11            0.290603          0.00362797                   1             1.91444             1.00121            0.600941            0.590941             2811.48            0.269539            0.924498            0.608939          0.00439263          0.00439263          0.00439263          0.00439263
y=-0.884089
1                  12            0.289797          0.00217678                   1             1.90603            0.996809            0.598333            0.588333             4078.43            0.269912            0.917848            0.609861          0.00422884          0.00422884          0.00422884          0.00422884
y=-0.882802
1                  13            0.288893          0.00130607                   1             1.89797            0.992593            0.595391            0.585391             5052.09            0.270269            0.910957            0.610752          0.00476056          0.00476056          0.00476056          0.00476056
y=-0.881189
1                  14            0.287767         0.000783642                   1             1.88893            0.987868            0.591675            0.581675             5616.92            0.270669            0.902467             0.61176           0.0059603           0.0059603           0.0059603           0.0059603
y=-0.879044
1                  15            0.286282         0.000470185                   1             1.87767             0.98198            0.586662            0.576662             5879.76            0.271167            0.890363             0.61303          0.00790769          0.00790769          0.00790769          0.00790769
y=-0.876113
1                  16            0.284274         0.000282111                   1             1.86282            0.974215            0.579639            0.569639             5969.82            0.271825            0.870518            0.614728           0.0107842           0.0107842           0.0107842           0.0107842
y=-0.872649
1                  17            0.281933         0.000185809                   1             1.84274            0.963709            0.571214            0.561214             5965.78            0.272715            0.854909            0.617069           0.0127024           0.0127024           0.0127024           0.0127024
y=-0.870296
1                  18            0.280369         0.000153533                   1             1.81933            0.951467            0.565802            0.555802             5913.27            0.273751             0.83824            0.619861          0.00859377          0.00859377          0.00859377          0.00859377
y=-0.868531
1                  19            0.279209         0.000136434                   1             1.80369            0.943291            0.561877            0.551877              5869.1            0.274439            0.825055            0.621767          0.00643302          0.00643302          0.00643302          0.00643302
Out_Ite              In_Ite           Min_Val_x           Min_Val_z             mu          Inf||r_p||          Inf||r_d||          Inf||r_c||        Inf||r_c+G||          Inf||d_x||          Inf||d_y||          Inf||d_z||          Bar_alph_x          Bar_alph_z              alph_x              alph_y              alph_z
y=-0.866987
1                  20            0.278203         0.000124454                   1             1.79209            0.937222            0.558501            0.548501             5834.51            0.274947            0.814635            0.623203          0.00561445          0.00561445          0.00561445          0.00561445
y=-0.865387
1                  21            0.277168         0.000114025                   1             1.78203             0.93196             0.55509             0.54509             5803.79            0.275387             0.80617            0.624463          0.00580925          0.00580925          0.00580925          0.00580925
y=-0.863487
1                  22            0.275947         0.000103534                   1             1.77168            0.926546            0.551133            0.541133             5771.71            0.275839            0.797596            0.625775          0.00688861          0.00688861          0.00688861          0.00688861
y=-0.861034
1                  23            0.274385         9.22492e-05                   1             1.75947            0.920164            0.545983            0.535983             5733.45             0.27637            0.786085            0.627341          0.00887717          0.00887717          0.00887717          0.00887717
y=-0.857819
1                  24            0.272362         8.03402e-05                   1             1.74385            0.911995            0.539146            0.529146             5684.01             0.27705            0.774619            0.629377           0.0116042           0.0116042           0.0116042           0.0116042
y=-0.855524
1                  25            0.270939         7.37666e-05                   1             1.72362            0.901412            0.534447            0.524447             5619.42            0.277928            0.758179             0.63207          0.00825568          0.00825568          0.00825568          0.00825568
y=-0.853659
1                  26            0.269794         6.92194e-05                   1             1.70939            0.893971            0.530707            0.520707             5573.72            0.278541            0.747312            0.634002          0.00669893          0.00669893          0.00669893          0.00669893
y=-0.851863
1                  27            0.268701         6.53441e-05                   1             1.69794            0.887982            0.527139            0.517139             5536.83            0.279032            0.737545             0.63558          0.00643554          0.00643554          0.00643554          0.00643554
y=-0.849987
1                  28            0.267569         6.17197e-05                   1             1.68701            0.882267            0.523425            0.513425             5501.56            0.279499            0.729034            0.637106          0.00670947          0.00670947          0.00670947          0.00670947
y=-0.847892
1                  29            0.266315         5.80879e-05                   1             1.67569            0.876348            0.519267            0.509267             5464.97            0.279981            0.721153            0.638708          0.00748547          0.00748547          0.00748547          0.00748547
y=-0.845938
1                  30            0.265156         5.50725e-05                   1             1.66315            0.869788            0.515436            0.505436             5424.36            0.280513            0.711457            0.640508          0.00696443          0.00696443          0.00696443          0.00696443
y=-0.843797
1                  31            0.263898         5.20882e-05                   1             1.65156             0.86373            0.511231            0.501231             5386.82            0.281001            0.701176            0.642195          0.00761905          0.00761905          0.00761905          0.00761905
y=-0.841565
1                  32            0.262599         4.92911e-05                   1             1.63898             0.85715            0.506857            0.496857                5346             0.28153            0.691473            0.644054           0.0079274           0.0079274           0.0079274           0.0079274
y=-0.839513
1                  33            0.261415         4.69756e-05                   1             1.62599            0.850355            0.502886            0.492886             5303.82            0.282074            0.683588            0.646004          0.00727709          0.00727709          0.00727709          0.00727709
y=-0.837398
1                  34            0.260207         4.47995e-05                   1             1.61415            0.844167            0.498805            0.488805             5265.38            0.282565            0.675803            0.647808          0.00748428          0.00748428          0.00748428          0.00748428
y=-0.835225
1                  35            0.258977         4.27569e-05                   1             1.60207            0.837849            0.494618            0.484618             5226.12            0.283065            0.667182            0.649676          0.00767751          0.00767751          0.00767751          0.00767751
y=-0.833028
1                  36            0.257746         4.08684e-05                   1             1.58977            0.831416              0.4904              0.4804             5186.12             0.28357            0.657417            0.651608          0.00774566          0.00774566          0.00774566          0.00774566
y=-0.830467
1                  37            0.256324         3.88479e-05                   1             1.57746            0.824976            0.485404            0.475404             5146.06            0.284073            0.646616            0.653572          0.00901688          0.00901688          0.00901688          0.00901688
y=-0.828175
1                  38            0.255065         3.72063e-05                   1             1.56324            0.817537            0.481011            0.471011             5099.77             0.28465            0.638782            0.655879           0.0080509           0.0080509           0.0080509           0.0080509
y=-0.825932
1                  39            0.253845         3.57261e-05                   1             1.55065            0.810955            0.476733            0.466733              5058.8            0.285157            0.631359            0.657956          0.00786766          0.00786766          0.00786766          0.00786766
Out_Ite              In_Ite           Min_Val_x           Min_Val_z             mu          Inf||r_p||          Inf||r_d||          Inf||r_c||        Inf||r_c+G||          Inf||d_x||          Inf||d_y||          Inf||d_z||          Bar_alph_x          Bar_alph_z              alph_x              alph_y              alph_z
y=-0.823376
1                  40            0.252469         3.41656e-05                   1             1.53845            0.804575             0.47177             0.46177             5019.08            0.285644            0.623553            0.660002            0.008946            0.008946            0.008946            0.008946
y=-0.820157
1                  41            0.250754         3.23595e-05                   1             1.52469            0.797377            0.465238            0.455238             4974.25            0.286189            0.614384            0.662349           0.0112487           0.0112487           0.0112487           0.0112487
y=-0.81753
1                  42            0.249373         3.10297e-05                   1             1.50754            0.788408            0.460095            0.450095             4918.38            0.286863             0.60323            0.665333          0.00915602          0.00915602          0.00915602          0.00915602
y=-0.815206
1                  43            0.248165         2.99427e-05                   1             1.49373            0.781189            0.455628            0.445628             4873.41            0.287398            0.593429            0.667785          0.00808935          0.00808935          0.00808935          0.00808935
y=-0.812821
1                  44            0.246938         2.89007e-05                   1             1.48165             0.77487            0.451003            0.441003             4834.03             0.28786            0.583474            0.669969          0.00828406          0.00828406          0.00828406          0.00828406
y=-0.810058
1                  45             0.24553         2.77719e-05                   1             1.46938            0.768451            0.445422            0.435422             4794.03            0.288326            0.571389            0.672224          0.00958163          0.00958163          0.00958163          0.00958163
y=-0.806544
1                  46            0.243759         2.64403e-05                   1              1.4553            0.761088            0.439598            0.429598             4748.14            0.288854            0.557845            0.674858           0.0121652           0.0121652           0.0121652           0.0121652
y=-0.803611
1                  47            0.242303         2.54271e-05                   1             1.43759            0.751829            0.434862            0.424862             4690.43            0.289511            0.550261            0.678243           0.0101308           0.0101308           0.0101308           0.0101308
y=-0.801107
1                  48            0.241075         2.46235e-05                   1             1.42303            0.744212            0.430902            0.420902             4642.95            0.290041             0.54387             0.68109          0.00863277          0.00863277          0.00863277          0.00863277
y=-0.7986
1                  49            0.239857         2.38661e-05                   1             1.41075            0.737788            0.426963            0.416963              4602.9             0.29048            0.538337            0.683538          0.00863225          0.00863225          0.00863225          0.00863225
y=-0.796042
1                  50            0.238627         2.31377e-05                   1             1.39857            0.731419            0.422965            0.412965             4563.19             0.29091            0.532689            0.686007          0.00879308          0.00879308          0.00879308          0.00879308
y=-0.793437
1                  51            0.237388          2.2438e-05                   1             1.38627            0.724988            0.418914            0.408914             4523.09            0.291337            0.526772            0.688544          0.00893958          0.00893958          0.00893958          0.00893958
y=-0.79056
1                  52            0.236032         2.17083e-05                   1             1.37388            0.718507             0.41442             0.40442             4482.68            0.291762            0.520522            0.691147          0.00986403          0.00986403          0.00986403          0.00986403
y=-0.787001
1                  53            0.234376         2.08603e-05                   1             1.36032            0.711419            0.408753            0.398753             4438.48            0.292218            0.513242            0.694047           0.0121784           0.0121784           0.0121784           0.0121784
y=-0.782315
1                  54            0.232225         1.98239e-05                   1             1.34376            0.702755            0.400994            0.390994             4384.45            0.292765            0.503446            0.697673           0.0160041           0.0160041           0.0160041           0.0160041
y=-0.77596
1                  55            0.229362         1.85452e-05                   1             1.32225            0.691508            0.389737            0.379737             4314.31            0.293459            0.488351            0.702514           0.0216582           0.0216582           0.0216582           0.0216582
y=-0.769823
1                  56            0.217043         1.74535e-05                   1             1.29362            0.676531            0.544592            0.534592             4220.91            0.294353            0.459591            0.709211            0.020853           0.0952273           0.0208477            0.020853
y=-0.764705
1                  57            0.215099         1.67751e-05                   1             1.17043            0.612111            0.466121            0.456121             3819.03            0.308234            0.448304            0.741755            0.016605            0.016605            0.016605            0.016605
y=-0.760386
1                  58            0.213489         1.62419e-05                   1             1.15099            0.601947            0.457489            0.447489             3755.63             0.30864            0.440207            0.747526           0.0139925           0.0139925           0.0139925           0.0139925
y=-0.756084
1                  59            0.211908         1.57405e-05                   1             1.13489            0.593524            0.448737            0.438737             3703.08            0.308946            0.433367            0.752458           0.0139265           0.0139265           0.0139265           0.0139265
Out_Ite              In_Ite           Min_Val_x           Min_Val_z             mu          Inf||r_p||          Inf||r_d||          Inf||r_c||        Inf||r_c+G||          Inf||d_x||          Inf||d_y||          Inf||d_z||          Bar_alph_x          Bar_alph_z              alph_x              alph_y              alph_z
y=-0.751132
1                  60            0.210116         1.51947e-05                   1             1.11908            0.585259            0.437908            0.427908             3651.52             0.30922            0.426499            0.757436           0.0160142           0.0160142           0.0160142           0.0160142
y=-0.744878
1                  61            0.199054         1.45472e-05                   1             1.10116            0.575886            0.599241            0.589241             3593.06            0.309501            0.418461            0.763253            0.020212            0.100462           0.0202074            0.020212
y=-0.727939
1                  62            0.188697         1.31413e-05                   1            0.990536            0.518034            0.609799            0.599799             3232.12            0.323561            0.403929            0.803822           0.0523543            0.104557           0.0523518           0.0523543
y=-0.716274
1                  63            0.185584         1.23861e-05                   1            0.886969            0.463871              0.4996              0.4896              2894.2            0.332345            0.368977            0.850974           0.0350969           0.0350969           0.0350969           0.0350969
y=-0.708244
1                  64            0.183512         1.19135e-05                   1            0.855839            0.447591            0.444805            0.434805             2792.63            0.331635            0.355011            0.867378           0.0242131           0.0242131           0.0242131           0.0242131
y=-0.702188
1                  65            0.181984         1.15786e-05                   1            0.835116            0.436753            0.433395            0.423395             2725.02            0.331005            0.345414            0.878975           0.0182959           0.0182959           0.0182959           0.0182959
y=-0.696904
1                  66            0.180673         1.12994e-05                   1            0.819837            0.428762            0.423546            0.413546             2675.16            0.330456            0.338089            0.887902           0.0159901           0.0159901           0.0159901           0.0159901
y=-0.691467
1                  67            0.179343          1.1023e-05                   1            0.806728            0.421906            0.412943            0.402943             2632.39            0.329929            0.331557             0.89583           0.0164804           0.0164804           0.0164804           0.0164804
y=-0.685073
1                  68            0.177803         1.07104e-05                   1            0.793432            0.414953            0.398921            0.388921             2589.01            0.329344            0.329356            0.904139           0.0194136           0.0194136           0.0194136           0.0194136
y=-0.67692
1                  69            0.175872         1.03294e-05                   1            0.778029            0.406897            0.381352            0.371352             2538.75            0.328601            0.328613             0.91412           0.0248122           0.0248122           0.0248122           0.0248122
y=-0.666105
1                  70            0.173368         9.85187e-06                   1            0.758724            0.396801            0.366675            0.356675             2475.76            0.327572            0.327584            0.927201           0.0330135           0.0330135           0.0330135           0.0330135
y=-0.655275
1                  71            0.170931         9.40733e-06                   1            0.733676            0.383702            0.352824            0.342824             2394.03            0.326068            0.326079              0.9452           0.0332148           0.0332148           0.0332148           0.0332148
y=-0.64785
1                  72            0.169307         9.12334e-06                   1            0.709307            0.370957            0.344187            0.334187             2314.52             0.32438            0.324392             0.96393            0.022891            0.022891            0.022891            0.022891
y=-0.64226
1                  73            0.168108         8.91925e-06                   1            0.693071            0.362465            0.338007            0.328007             2261.54            0.323106            0.323117            0.977142           0.0173018           0.0173018           0.0173018           0.0173018
y=-0.637382
1                  74            0.167077         8.74718e-06                   1            0.681079            0.356194             0.33276             0.32276             2222.41            0.322085            0.322096            0.987303           0.0151426           0.0151426           0.0151426           0.0151426
y=-0.63236
1                  75            0.166028         8.57509e-06                   1            0.670766              0.3508            0.327436            0.317436             2188.76            0.321154            0.321165            0.996333           0.0156382           0.0156382           0.0156382           0.0156382
y=-0.626449
1                  76            0.164809         8.37848e-06                   1            0.660276            0.345315            0.321218            0.311218             2154.53            0.320159            0.320169                   1            0.018462            0.018462            0.018462            0.018462
y=-0.618905
1                  77            0.162322         8.13604e-06                   1            0.648086            0.338939            0.319179            0.309179             2114.76             0.31894            0.318951                   1           0.0236541           0.0383653           0.0236536           0.0236541
y=-0.607157
1                  78             0.15812          7.7793e-06                   1            0.623222            0.325936            0.317469            0.307469             2033.62            0.319178            0.319188                   1           0.0368081           0.0674344           0.0368072           0.0368081
y=-0.590709
1                  79            0.155134         7.32353e-06                   1            0.581196            0.303957            0.299938            0.289938             1896.49            0.320233            0.320242                   1           0.0513627           0.0513627           0.0513627           0.0513627
Out_Ite              In_Ite           Min_Val_x           Min_Val_z             mu          Inf||r_p||          Inf||r_d||          Inf||r_c||        Inf||r_c+G||          Inf||d_x||          Inf||d_y||          Inf||d_z||          Bar_alph_x          Bar_alph_z              alph_x              alph_y              alph_z
y=-0.579807
1                  80            0.153231         7.04601e-06                   1            0.551344            0.288345            0.289294            0.279294             1799.08            0.315793            0.315801                   1           0.0345243           0.0345243           0.0345243           0.0345243
y=-0.572178
1                  81            0.151932         6.86193e-06                   1            0.532309             0.27839            0.282202            0.272202             1736.97            0.312601            0.312609                   1           0.0244029           0.0244029           0.0244029           0.0244029
y=-0.56622
1                  82            0.150935         6.72326e-06                   1            0.519319            0.271596            0.276818            0.266818             1694.59            0.310252            0.310261                   1           0.0192058           0.0192058           0.0192058           0.0192058
y=-0.560772
1                  83            0.150035         6.59996e-06                   1            0.509345             0.26638            0.271982            0.261982             1662.04            0.308355            0.308363                   1           0.0176653           0.0176653           0.0176653           0.0176653
y=-0.554962
1                  84            0.149086         6.47169e-06                   1            0.500347            0.261675            0.266884            0.256884             1632.68            0.306574            0.306582                   1           0.0189529           0.0189529           0.0189529           0.0189529
y=-0.549211
1                  85             0.14816         6.34802e-06                   1            0.490864            0.256715            0.261911            0.251911             1601.74            0.304626            0.304634                   1           0.0188791           0.0188791           0.0188791           0.0188791
y=-0.542642
1                  86            0.147115         6.21036e-06                   1            0.481597            0.251868            0.256292            0.246292              1571.5             0.30265            0.302658                   1           0.0217032           0.0217032           0.0217032           0.0217032
y=-0.534419
1                  87             0.14192         6.04294e-06                   1            0.471145            0.246402            0.263559            0.253559             1537.39            0.300336            0.300343                   1           0.0273817            0.110247           0.0273796           0.0273817
y=-0.514505
1                  88             0.13591         5.67225e-06                   1            0.419203            0.219238            0.264007            0.254007              1367.9            0.305534            0.305541                   1           0.0651803            0.143363           0.0651786           0.0651803
y=-0.494568
1                  89            0.133558         5.34407e-06                   1            0.359105            0.187807              0.2399              0.2299              1171.8            0.304393            0.304398                   1           0.0654967           0.0654967           0.0654967           0.0654967
y=-0.481321
1                  90            0.132051         5.14017e-06                   1            0.335584            0.175507            0.229293            0.219293             1095.05            0.294826            0.294831                   1           0.0449318           0.0449318           0.0449318           0.0449318
y=-0.471976
1                  91            0.131011         5.00234e-06                   1            0.320506            0.167621            0.222055            0.212055             1045.85            0.288161            0.288166                   1           0.0324301           0.0324301           0.0324301           0.0324301
y=-0.464575
1                  92            0.130201         4.89634e-06                   1            0.310112            0.162185             0.21644             0.20644             1011.93            0.283314            0.283319                   1           0.0261236           0.0261236           0.0261236           0.0261236
y=-0.457707
1                  93            0.129459         4.80018e-06                   1            0.302011            0.157948            0.211304            0.201304             985.496            0.279393            0.279397                   1           0.0245814           0.0245814           0.0245814           0.0245814
y=-0.45027
1                  94            0.128664         4.69821e-06                   1            0.294587            0.154065            0.205804            0.195804             961.272             0.27569            0.275694                   1            0.026978            0.026978            0.026978            0.026978
y=-0.441288
1                  95            0.126989         4.57778e-06                   1             0.28664            0.149909            0.200906            0.190906             935.339            0.271612            0.271617                   1           0.0330688           0.0584208           0.0330684           0.0330688
y=-0.427439
1                  96            0.121855         4.39884e-06                   1            0.269894            0.141151            0.198895            0.188895             880.696            0.268121            0.268125                   1           0.0516541            0.190231           0.0516519           0.0516541
y=-0.396048
1                  97            0.116909         4.02911e-06                   1            0.218552            0.114301            0.180437            0.170437             713.161            0.268053            0.268057                   1            0.117106            0.226324            0.117105            0.117106
y=-0.349116
1                  98            0.112435          3.5344e-06                   1            0.169088           0.0884319            0.149508            0.139508             551.756            0.252544            0.252547                   1             0.18584            0.264574            0.185839             0.18584
y=-0.292907
1                  99            0.108735         3.00849e-06                   1            0.124352           0.0650353            0.113328            0.103328             405.776            0.220851            0.220853                   1             0.25451            0.297574             0.25451             0.25451
Out_Ite              In_Ite           Min_Val_x           Min_Val_z             mu          Inf||r_p||          Inf||r_d||          Inf||r_c||        Inf||r_c+G||          Inf||d_x||          Inf||d_y||          Inf||d_z||          Bar_alph_x          Bar_alph_z              alph_x              alph_y              alph_z
y=-0.235755
1                 100            0.105894         2.53187e-06                   1           0.0873479           0.0456826           0.0789355           0.0689355             285.028            0.176674            0.176675                   1            0.323492            0.325227            0.323492            0.323492
y=-0.18448
1                 101            0.103523         2.14603e-06                   1             0.05894           0.0308254           0.0505547           0.0405547              192.33            0.127442            0.127443                   1            0.402334            0.402334            0.402334            0.402334
y=-0.145715
1                 102            0.101833         1.88043e-06                   1           0.0352264           0.0184233           0.0307962           0.0207962             114.949           0.0808317           0.0808323                   1            0.479588            0.479588            0.479588            0.479588
y=-0.120206
1                 103            0.100773         1.71809e-06                   1           0.0183322          0.00958768           0.0186522          0.00865224             59.8208           0.0441046           0.0441049                   1            0.578358            0.578358            0.578358            0.578358
y=-0.103842
1                 104            0.100116          1.6194e-06                   1          0.00772965          0.00404257           0.0112562          0.00125621              25.223           0.0192561           0.0192562                   1            0.849813            0.849813            0.849813            0.849813
y=-0.100805
1                 105                 0.1         1.60242e-06                   1           0.0011609         0.000607143           0.0100004         1.74322e-06             3.78818          0.00303734          0.00303736                   1                   1                   1                   1                   1
y=-0.100805
1                 106                 0.1         1.60242e-06                   1         2.22045e-16         2.22045e-16           0.0100004         1.74322e-06         1.22273e-05         3.52606e-06         3.52606e-06                   1                   1                   0                   0                   0
y=-0.0608035
2                   1                 0.1         9.61451e-07          0.00999972         2.22045e-16         2.22045e-16          0.00600021          0.00590021           0.0694286           0.0990036           0.0990036                   1             0.40404                   1             0.40404             0.40404
y=-0.0368026
2                   2                 0.1         5.76871e-07          0.00999972                   0         6.63138e-06          0.00360013          0.00350013         5.41941e-06           0.0590021           0.0590021                   1            0.406779                   1            0.406779            0.406779
y=-0.0224021
2                   3                 0.1         3.46123e-07          0.00999972                   0         3.93439e-06          0.00216008          0.00206008         2.51998e-10           0.0350013           0.0350013                   1            0.411428                   1            0.411428            0.411428
y=-0.0137618
2                   4                 0.1         2.07674e-07          0.00999972                   0         2.31567e-06          0.00129605          0.00119605         1.48327e-12           0.0206008           0.0206008                   1            0.419416            0.419416            0.419416            0.419416
y=-0.00857762
2                   5                 0.1         1.24605e-07          0.00999972                   0         1.34444e-06         0.000777627          0.00067763         8.63423e-13           0.0119605           0.0119605                   1            0.433443                   1            0.433443            0.433443
y=-0.00546711
2                   6                 0.1         7.47631e-08          0.00999972                   0         7.61703e-07         0.000466576         0.000366579         1.33074e-12           0.0067763           0.0067763                   1            0.459028            0.459028            0.459028            0.459028
y=-0.0036008
2                   7                 0.1         4.48581e-08          0.00999972                   0          4.1206e-07         0.000279946         0.000179949         9.00145e-13          0.00366579          0.00366579                   1            0.509114            0.509114            0.509114            0.509114
y=-0.00248102
2                   8                 0.1         2.69151e-08          0.00999972                   0         2.02275e-07         0.000167968         6.79703e-05         6.75788e-13          0.00179949          0.00179949                   1            0.622279            0.622279            0.622279            0.622279
y=-0.00180915
2                   9                 0.1         1.61494e-08          0.00999972                   0         7.64033e-08         0.000100781         7.83283e-07          9.7681e-13         0.000679703         0.000679703                   1            0.988476            0.988476            0.988476            0.988476
y=-0.00140603
3                   1                 0.1         9.68962e-09          0.00010078                   0         8.80463e-10         6.04683e-05         5.94605e-05         0.000694442         0.000997727         0.000997727                   1             0.40404                   1             0.40404             0.40404
y=-0.00116415
3                   2                 0.1         5.81377e-09          0.00010078                   0         6.68534e-08          3.6281e-05         3.52732e-05         5.46375e-10         0.000594605         0.000594605                   1             0.40678                   1             0.40678             0.40678
y=-0.00101903
3                   3                 0.1         3.48826e-09          0.00010078                   0         3.96588e-08         2.17686e-05         2.07608e-05         7.14591e-13         0.000352732         0.000352732                   1            0.411429            0.411429            0.411429            0.411429
y=-0.000931955
3                   4                 0.1         2.09296e-09          0.00010078                   0         2.33421e-08         1.30612e-05         1.20533e-05          9.7557e-13         0.000207608         0.000207608                   1            0.419417            0.419417            0.419417            0.419417
y=-0.00087971
3                   5                 0.1         1.25577e-09          0.00010078                   0          1.3552e-08         7.83669e-06         6.82889e-06         1.42624e-12         0.000120533         0.000120533                   1            0.433445                   1            0.433445            0.433445
Finalizing solution
-1.41844e-07
2.18338e-07
-1.63157e-07
-1.27294e-07
3.09613e-07
-3.31912e-06
2.71992e-07
-1.84088e-07
1.75026e-07
5.64414e-07
-5.35038e-07
4.31725e-07
3.21219e-07
-3.16058e-06
-1.94551e-06
1.11308e-07
-5.49802e-06
5.52272e-09
-1.18928e-06
2.09351e-07
Final Vector x (theta):
0.1
0.1
0.1
0.1
0.1
0.1
0.1
0.1
0.1
0.1
4000
4000
4000
4000
4000
4000
4000
4000
4000
4000
4000
4000
4000
4000
4000
4000
4000
4000
4000
4000
3668.96
4645.15
3623.89
3700.37
4981
1285.63
4836.86
3580.7
4501.14
6240.52
2984.31
5514.39
5027.21
1328.69
1787.66
4304.8
889.413
4014.1
2277.24
4614.52
Final Vector z (v):
7.83669e-05
7.83669e-05
7.83669e-05
7.83669e-05
7.83669e-05
7.83669e-05
7.83669e-05
7.83669e-05
7.83669e-05
7.83669e-05
1.95917e-09
1.95917e-09
1.95917e-09
1.95917e-09
1.95917e-09
1.95917e-09
1.95917e-09
1.95917e-09
1.95917e-09
1.95917e-09
1.95917e-09
1.95917e-09
1.95917e-09
1.95917e-09
1.95917e-09
1.95917e-09
1.95917e-09
1.95917e-09
1.95917e-09
1.95917e-09
2.13594e-09
1.68707e-09
2.16251e-09
2.11781e-09
1.57332e-09
6.09562e-09
1.6202e-09
2.18859e-09
1.74105e-09
1.25577e-09
2.62596e-09
1.42114e-09
1.55885e-09
5.89804e-09
4.38377e-09
1.82045e-09
8.81106e-09
1.95229e-09
3.44131e-09
1.69827e-09
Final Vector y (u):
-0.00087971
Hi!!
