0,100,101,0,0,8.791000e-03
0,100,101,0,1,7.902000e-03
0,100,101,0,2,6.793000e-03
0,100,101,0,3,6.360000e-03
0,100,101,0,4,5.183000e-03
0,100,101,0,5,4.704000e-03
0,100,101,0,6,4.651000e-03
0,100,101,0,7,5.291000e-03
0,100,101,0,8,3.993000e-03
0,100,101,0,9,3.839000e-03
0,100,101,1,0,3.539000e-03
0,100,101,1,1,2.701000e-03
0,100,101,1,2,2.642000e-03
0,100,101,1,3,2.212000e-03
0,100,101,1,4,2.315000e-03
0,100,101,1,5,1.789000e-03
0,100,101,1,6,1.872000e-03
0,100,101,1,7,2.213000e-03
0,100,101,1,8,1.458000e-03
0,100,101,1,9,1.910000e-03
0,100,150,0,0,4.539000e-03
0,100,150,0,1,4.528000e-03
0,100,150,0,2,4.569000e-03
0,100,150,0,3,4.153000e-03
0,100,150,0,4,4.600000e-03
0,100,150,0,5,4.957000e-03
0,100,150,0,6,4.329000e-03
0,100,150,0,7,4.193000e-03
0,100,150,0,8,4.886000e-03
0,100,150,0,9,4.103000e-03
0,100,150,1,0,3.972000e-03
0,100,150,1,1,3.679000e-03
0,100,150,1,2,3.798000e-03
0,100,150,1,3,3.740000e-03
0,100,150,1,4,3.155000e-03
0,100,150,1,5,4.149000e-03
0,100,150,1,6,3.950000e-03
0,100,150,1,7,4.132000e-03
0,100,150,1,8,4.160000e-03
0,100,150,1,9,3.642000e-03
0,100,200,0,0,4.729000e-03
0,100,200,0,1,5.021000e-03
0,100,200,0,2,4.320000e-03
0,100,200,0,3,4.584000e-03
0,100,200,0,4,5.312000e-03
0,100,200,0,5,4.323000e-03
0,100,200,0,6,5.452000e-03
0,100,200,0,7,5.568000e-03
0,100,200,0,8,5.355000e-03
0,100,200,0,9,5.125000e-03
0,100,200,1,0,7.310000e-03
0,100,200,1,1,7.068000e-03
0,100,200,1,2,7.162000e-03
0,100,200,1,3,8.392000e-03
0,100,200,1,4,7.643000e-03
0,100,200,1,5,6.652000e-03
0,100,200,1,6,7.972000e-03
0,100,200,1,7,8.639000e-03
0,100,200,1,8,8.138000e-03
0,100,200,1,9,7.520000e-03
0,200,201,0,0,2.458600e-02
0,200,201,0,1,2.518400e-02
0,200,201,0,2,2.463900e-02
0,200,201,0,3,2.564300e-02
0,200,201,0,4,2.475400e-02
0,200,201,0,5,2.515200e-02
0,200,201,0,6,2.431300e-02
0,200,201,0,7,2.530800e-02
0,200,201,0,8,2.438200e-02
0,200,201,0,9,2.442700e-02
0,200,201,1,0,7.903000e-03
0,200,201,1,1,7.906000e-03
0,200,201,1,2,8.942000e-03
0,200,201,1,3,8.374000e-03
0,200,201,1,4,8.330000e-03
0,200,201,1,5,9.272000e-03
0,200,201,1,6,7.330000e-03
0,200,201,1,7,7.505000e-03
0,200,201,1,8,8.386000e-03
0,200,201,1,9,8.453000e-03
0,200,300,0,0,2.795100e-02
0,200,300,0,1,2.662400e-02
0,200,300,0,2,2.714500e-02
0,200,300,0,3,2.756200e-02
0,200,300,0,4,2.696800e-02
0,200,300,0,5,2.614800e-02
0,200,300,0,6,2.623600e-02
0,200,300,0,7,2.700800e-02
0,200,300,0,8,2.830800e-02
0,200,300,0,9,2.770500e-02
0,200,300,1,0,1.923800e-02
0,200,300,1,1,1.912300e-02
0,200,300,1,2,2.020800e-02
0,200,300,1,3,1.922400e-02
0,200,300,1,4,2.011800e-02
0,200,300,1,5,1.911200e-02
0,200,300,1,6,1.924100e-02
0,200,300,1,7,1.818500e-02
0,200,300,1,8,2.005000e-02
0,200,300,1,9,2.222200e-02
0,200,400,0,0,2.793200e-02
0,200,400,0,1,2.933400e-02
0,200,400,0,2,2.951500e-02
0,200,400,0,3,2.974900e-02
0,200,400,0,4,2.947300e-02
0,200,400,0,5,2.929600e-02
0,200,400,0,6,2.931300e-02
0,200,400,0,7,2.954500e-02
0,200,400,0,8,2.904500e-02
0,200,400,0,9,2.921600e-02
0,200,400,1,0,3.329400e-02
0,200,400,1,1,3.484300e-02
0,200,400,1,2,3.645900e-02
0,200,400,1,3,3.465400e-02
0,200,400,1,4,3.667200e-02
0,200,400,1,5,3.472200e-02
0,200,400,1,6,3.670700e-02
0,200,400,1,7,3.686200e-02
0,200,400,1,8,3.459700e-02
0,200,400,1,9,3.634300e-02
0,300,301,0,0,6.923400e-02
0,300,301,0,1,6.900900e-02
0,300,301,0,2,7.256200e-02
0,300,301,0,3,7.175300e-02
0,300,301,0,4,6.937800e-02
0,300,301,0,5,6.899800e-02
0,300,301,0,6,6.958900e-02
0,300,301,0,7,7.024700e-02
0,300,301,0,8,7.233400e-02
0,300,301,0,9,6.966800e-02
0,300,301,1,0,2.083500e-02
0,300,301,1,1,2.062000e-02
0,300,301,1,2,2.304500e-02
0,300,301,1,3,2.188400e-02
0,300,301,1,4,2.061400e-02
0,300,301,1,5,2.059500e-02
0,300,301,1,6,1.899300e-02
0,300,301,1,7,2.060300e-02
0,300,301,1,8,2.066800e-02
0,300,301,1,9,2.170000e-02
0,300,450,0,0,7.508700e-02
0,300,450,0,1,7.598600e-02
0,300,450,0,2,7.461400e-02
0,300,450,0,3,7.269900e-02
0,300,450,0,4,7.421800e-02
0,300,450,0,5,7.453700e-02
0,300,450,0,6,7.205900e-02
0,300,450,0,7,7.349300e-02
0,300,450,0,8,7.484200e-02
0,300,450,0,9,7.596100e-02
0,300,450,1,0,4.957400e-02
0,300,450,1,1,5.660500e-02
0,300,450,1,2,5.621200e-02
0,300,450,1,3,5.172000e-02
0,300,450,1,4,4.970700e-02
0,300,450,1,5,4.683200e-02
0,300,450,1,6,4.946600e-02
0,300,450,1,7,4.438000e-02
0,300,450,1,8,4.948700e-02
0,300,450,1,9,4.693500e-02
0,300,600,0,0,8.153100e-02
0,300,600,0,1,7.780800e-02
0,300,600,0,2,8.233200e-02
0,300,600,0,3,7.936500e-02
0,300,600,0,4,8.001300e-02
0,300,600,0,5,7.765200e-02
0,300,600,0,6,8.119000e-02
0,300,600,0,7,8.130200e-02
0,300,600,0,8,7.841400e-02
0,300,600,0,9,8.209100e-02
0,300,600,1,0,1.026000e-01
0,300,600,1,1,9.697900e-02
0,300,600,1,2,9.293900e-02
0,300,600,1,3,1.013150e-01
0,300,600,1,4,9.204600e-02
0,300,600,1,5,1.102940e-01
0,300,600,1,6,9.684400e-02
0,300,600,1,7,9.705100e-02
0,300,600,1,8,9.705800e-02
0,300,600,1,9,9.201300e-02
0,400,401,0,0,1.426160e-01
0,400,401,0,1,1.437350e-01
0,400,401,0,2,1.421650e-01
0,400,401,0,3,1.411320e-01
0,400,401,0,4,1.402610e-01
0,400,401,0,5,1.457260e-01
0,400,401,0,6,1.414190e-01
0,400,401,0,7,1.449780e-01
0,400,401,0,8,1.398040e-01
0,400,401,0,9,1.421860e-01
0,400,401,1,0,4.381300e-02
0,400,401,1,1,4.009800e-02
0,400,401,1,2,4.357400e-02
0,400,401,1,3,4.170800e-02
0,400,401,1,4,3.995900e-02
0,400,401,1,5,4.017100e-02
0,400,401,1,6,4.415800e-02
0,400,401,1,7,3.992800e-02
0,400,401,1,8,4.179800e-02
0,400,401,1,9,4.008500e-02
0,400,600,0,0,1.514440e-01
0,400,600,0,1,1.583860e-01
0,400,600,0,2,1.590270e-01
0,400,600,0,3,1.665760e-01
0,400,600,0,4,1.574780e-01
0,400,600,0,5,1.512930e-01
0,400,600,0,6,1.544250e-01
0,400,600,0,7,1.519420e-01
0,400,600,0,8,1.575750e-01
0,400,600,0,9,1.519010e-01
0,400,600,1,0,9.594200e-02
0,400,600,1,1,1.075290e-01
0,400,600,1,2,1.094950e-01
0,400,600,1,3,1.109460e-01
0,400,600,1,4,1.007930e-01
0,400,600,1,5,1.002070e-01
0,400,600,1,6,1.065260e-01
0,400,600,1,7,1.277510e-01
0,400,600,1,8,1.011310e-01
0,400,600,1,9,1.043430e-01
0,400,800,0,0,1.698650e-01
0,400,800,0,1,1.654920e-01
0,400,800,0,2,1.682490e-01
0,400,800,0,3,1.662660e-01
0,400,800,0,4,1.704360e-01
0,400,800,0,5,1.653730e-01
0,400,800,0,6,1.645820e-01
0,400,800,0,7,1.679500e-01
0,400,800,0,8,1.645810e-01
0,400,800,0,9,1.648400e-01
0,400,800,1,0,2.094690e-01
0,400,800,1,1,2.014890e-01
0,400,800,1,2,2.297120e-01
0,400,800,1,3,2.215230e-01
0,400,800,1,4,2.128820e-01
0,400,800,1,5,2.548580e-01
0,400,800,1,6,1.949000e-01
0,400,800,1,7,2.354080e-01
0,400,800,1,8,2.201730e-01
0,400,800,1,9,2.176540e-01
0,500,501,0,0,2.852510e-01
0,500,501,0,1,2.910440e-01
0,500,501,0,2,2.876080e-01
0,500,501,0,3,2.892070e-01
0,500,501,0,4,2.925600e-01
0,500,501,0,5,2.958520e-01
0,500,501,0,6,2.861290e-01
0,500,501,0,7,2.986520e-01
0,500,501,0,8,3.000250e-01
0,500,501,0,9,2.949730e-01
0,500,501,1,0,7.626700e-02
0,500,501,1,1,7.629200e-02
0,500,501,1,2,7.329600e-02
0,500,501,1,3,7.638800e-02
0,500,501,1,4,7.063100e-02
0,500,501,1,5,7.340500e-02
0,500,501,1,6,7.647300e-02
0,500,501,1,7,7.935000e-02
0,500,501,1,8,7.293100e-02
0,500,501,1,9,7.448000e-02
0,500,750,0,0,3.070900e-01
0,500,750,0,1,3.347950e-01
0,500,750,0,2,3.223870e-01
0,500,750,0,3,3.223740e-01
0,500,750,0,4,3.156270e-01
0,500,750,0,5,3.129380e-01
0,500,750,0,6,3.162750e-01
0,500,750,0,7,3.108380e-01
0,500,750,0,8,3.124380e-01
0,500,750,0,9,3.174480e-01
0,500,750,1,0,2.318950e-01
0,500,750,1,1,2.017870e-01
0,500,750,1,2,2.113790e-01
0,500,750,1,3,1.949700e-01
0,500,750,1,4,1.932950e-01
0,500,750,1,5,1.963480e-01
0,500,750,1,6,1.869590e-01
0,500,750,1,7,2.063720e-01
0,500,750,1,8,1.945520e-01
0,500,750,1,9,2.293610e-01
0,500,1000,0,0,3.350650e-01
0,500,1000,0,1,3.500880e-01
0,500,1000,0,2,3.437460e-01
0,500,1000,0,3,3.503190e-01
0,500,1000,0,4,3.413230e-01
0,500,1000,0,5,3.407410e-01
0,500,1000,0,6,3.397970e-01
0,500,1000,0,7,3.512870e-01
0,500,1000,0,8,3.370730e-01
0,500,1000,0,9,3.474300e-01
0,500,1000,1,0,4.795780e-01
0,500,1000,1,1,4.650840e-01
0,500,1000,1,2,4.159770e-01
0,500,1000,1,3,4.403500e-01
0,500,1000,1,4,4.162810e-01
0,500,1000,1,5,4.847360e-01
0,500,1000,1,6,5.012290e-01
0,500,1000,1,7,4.230230e-01
0,500,1000,1,8,4.617830e-01
0,500,1000,1,9,4.524620e-01
0,600,601,0,0,5.416660e-01
0,600,601,0,1,5.218640e-01
0,600,601,0,2,5.451480e-01
0,600,601,0,3,5.213790e-01
0,600,601,0,4,5.268370e-01
0,600,601,0,5,5.406300e-01
0,600,601,0,6,5.246190e-01
0,600,601,0,7,5.395020e-01
0,600,601,0,8,5.591480e-01
0,600,601,0,9,5.473750e-01
0,600,601,1,0,1.413630e-01
0,600,601,1,1,1.301200e-01
0,600,601,1,2,1.294330e-01
0,600,601,1,3,1.306550e-01
0,600,601,1,4,1.344990e-01
0,600,601,1,5,1.389870e-01
0,600,601,1,6,1.325730e-01
0,600,601,1,7,1.394540e-01
0,600,601,1,8,1.446000e-01
0,600,601,1,9,1.348290e-01
0,600,900,0,0,5.761960e-01
0,600,900,0,1,6.416920e-01
0,600,900,0,2,6.043190e-01
0,600,900,0,3,5.784970e-01
0,600,900,0,4,6.019820e-01
0,600,900,0,5,5.942570e-01
0,600,900,0,6,5.706390e-01
0,600,900,0,7,5.864150e-01
0,600,900,0,8,5.925640e-01
0,600,900,0,9,5.993070e-01
0,600,900,1,0,3.548470e-01
0,600,900,1,1,3.943180e-01
0,600,900,1,2,3.633930e-01
0,600,900,1,3,3.800200e-01
0,600,900,1,4,3.568190e-01
0,600,900,1,5,3.448740e-01
0,600,900,1,6,3.762170e-01
0,600,900,1,7,3.317970e-01
0,600,900,1,8,3.343450e-01
0,600,900,1,9,3.625560e-01
0,600,1200,0,0,6.501680e-01
0,600,1200,0,1,6.456340e-01
0,600,1200,0,2,6.401340e-01
0,600,1200,0,3,6.573090e-01
0,600,1200,0,4,6.438310e-01
0,600,1200,0,5,6.397900e-01
0,600,1200,0,6,6.543880e-01
0,600,1200,0,7,6.536640e-01
0,600,1200,0,8,6.609880e-01
0,600,1200,0,9,6.636980e-01
0,600,1200,1,0,7.033650e-01
0,600,1200,1,1,7.614550e-01
0,600,1200,1,2,7.338440e-01
0,600,1200,1,3,7.277180e-01
0,600,1200,1,4,7.126530e-01
0,600,1200,1,5,7.193050e-01
0,600,1200,1,6,7.259720e-01
0,600,1200,1,7,7.372790e-01
0,600,1200,1,8,7.252270e-01
0,600,1200,1,9,7.228600e-01
0,700,701,0,0,8.549720e-01
0,700,701,0,1,9.345020e-01
0,700,701,0,2,9.165950e-01
0,700,701,0,3,9.402550e-01
0,700,701,0,4,9.103310e-01
0,700,701,0,5,9.115760e-01
0,700,701,0,6,9.050370e-01
0,700,701,0,7,9.165390e-01
0,700,701,0,8,8.874690e-01
0,700,701,0,9,8.719250e-01
0,700,701,1,0,2.194850e-01
0,700,701,1,1,2.081010e-01
0,700,701,1,2,2.079120e-01
0,700,701,1,3,2.111440e-01
0,700,701,1,4,2.199260e-01
0,700,701,1,5,2.089580e-01
0,700,701,1,6,2.067210e-01
0,700,701,1,7,2.118220e-01
0,700,701,1,8,2.220730e-01
0,700,701,1,9,2.140150e-01
0,700,1050,0,0,9.750360e-01
0,700,1050,0,1,9.853120e-01
0,700,1050,0,2,9.834890e-01
0,700,1050,0,3,9.881820e-01
0,700,1050,0,4,9.793830e-01
0,700,1050,0,5,9.760140e-01
0,700,1050,0,6,9.619600e-01
0,700,1050,0,7,9.937950e-01
0,700,1050,0,8,1.008051e+00
0,700,1050,0,9,9.933730e-01
0,700,1050,1,0,5.755940e-01
0,700,1050,1,1,5.996560e-01
0,700,1050,1,2,5.629070e-01
0,700,1050,1,3,5.924410e-01
0,700,1050,1,4,5.607360e-01
0,700,1050,1,5,6.149490e-01
0,700,1050,1,6,6.167340e-01
0,700,1050,1,7,5.438980e-01
0,700,1050,1,8,5.627880e-01
0,700,1050,1,9,5.554400e-01
0,700,1400,0,0,1.166302e+00
0,700,1400,0,1,1.113333e+00
0,700,1400,0,2,1.104134e+00
0,700,1400,0,3,1.099785e+00
0,700,1400,0,4,1.105491e+00
0,700,1400,0,5,1.067226e+00
0,700,1400,0,6,1.098689e+00
0,700,1400,0,7,1.084776e+00
0,700,1400,0,8,1.112925e+00
0,700,1400,0,9,1.104685e+00
0,700,1400,1,0,1.193459e+00
0,700,1400,1,1,1.065099e+00
0,700,1400,1,2,1.039571e+00
0,700,1400,1,3,1.040013e+00
0,700,1400,1,4,1.050170e+00
0,700,1400,1,5,9.802040e-01
0,700,1400,1,6,1.057050e+00
0,700,1400,1,7,1.123138e+00
0,700,1400,1,8,1.110246e+00
0,700,1400,1,9,1.121732e+00
0,800,801,0,0,1.628695e+00
0,800,801,0,1,1.650046e+00
0,800,801,0,2,1.636134e+00
0,800,801,0,3,1.672656e+00
0,800,801,0,4,1.641763e+00
0,800,801,0,5,1.624508e+00
0,800,801,0,6,1.690733e+00
0,800,801,0,7,1.664890e+00
0,800,801,0,8,1.637338e+00
0,800,801,0,9,1.660550e+00
0,800,801,1,0,3.557910e-01
0,800,801,1,1,3.507400e-01
0,800,801,1,2,3.445780e-01
0,800,801,1,3,3.711350e-01
0,800,801,1,4,3.655250e-01
0,800,801,1,5,3.713650e-01
0,800,801,1,6,3.650010e-01
0,800,801,1,7,3.560130e-01
0,800,801,1,8,3.396440e-01
0,800,801,1,9,3.667990e-01
0,800,1200,0,0,1.869343e+00
0,800,1200,0,1,1.781296e+00
0,800,1200,0,2,1.871881e+00
0,800,1200,0,3,1.867357e+00
0,800,1200,0,4,1.817268e+00
0,800,1200,0,5,1.847254e+00
0,800,1200,0,6,1.843480e+00
0,800,1200,0,7,1.904443e+00
0,800,1200,0,8,1.843788e+00
0,800,1200,0,9,1.872570e+00
0,800,1200,1,0,9.071650e-01
0,800,1200,1,1,9.478690e-01
0,800,1200,1,2,8.102520e-01
0,800,1200,1,3,7.873160e-01
0,800,1200,1,4,9.101570e-01
0,800,1200,1,5,9.110860e-01
0,800,1200,1,6,8.953430e-01
0,800,1200,1,7,9.231770e-01
0,800,1200,1,8,8.084130e-01
0,800,1200,1,9,8.692220e-01
0,800,1600,0,0,1.999269e+00
0,800,1600,0,1,2.007220e+00
0,800,1600,0,2,2.021129e+00
0,800,1600,0,3,1.978224e+00
0,800,1600,0,4,2.015081e+00
0,800,1600,0,5,1.973661e+00
0,800,1600,0,6,1.992355e+00
0,800,1600,0,7,1.978742e+00
0,800,1600,0,8,1.988262e+00
0,800,1600,0,9,2.034888e+00
0,800,1600,1,0,1.589892e+00
0,800,1600,1,1,1.681576e+00
0,800,1600,1,2,1.721932e+00
0,800,1600,1,3,1.578552e+00
0,800,1600,1,4,1.661680e+00
0,800,1600,1,5,1.582068e+00
0,800,1600,1,6,1.749299e+00
0,800,1600,1,7,1.512613e+00
0,800,1600,1,8,1.573446e+00
0,800,1600,1,9,1.520619e+00
0,900,901,0,0,2.499987e+00
0,900,901,0,1,2.545194e+00
0,900,901,0,2,2.510453e+00
0,900,901,0,3,2.469355e+00
0,900,901,0,4,2.562180e+00
0,900,901,0,5,2.521986e+00
0,900,901,0,6,2.521175e+00
0,900,901,0,7,2.569753e+00
0,900,901,0,8,2.577517e+00
0,900,901,0,9,2.524773e+00
0,900,901,1,0,5.152980e-01
0,900,901,1,1,5.049860e-01
0,900,901,1,2,4.845590e-01
0,900,901,1,3,5.108560e-01
0,900,901,1,4,4.926530e-01
0,900,901,1,5,5.085530e-01
0,900,901,1,6,5.036150e-01
0,900,901,1,7,5.074050e-01
0,900,901,1,8,5.016350e-01
0,900,901,1,9,5.275900e-01
0,900,1350,0,0,2.794650e+00
0,900,1350,0,1,2.803851e+00
0,900,1350,0,2,2.787319e+00
0,900,1350,0,3,2.730130e+00
0,900,1350,0,4,2.816780e+00
0,900,1350,0,5,2.744004e+00
0,900,1350,0,6,2.762959e+00
0,900,1350,0,7,2.763591e+00
0,900,1350,0,8,2.871619e+00
0,900,1350,0,9,2.750457e+00
0,900,1350,1,0,1.231069e+00
0,900,1350,1,1,1.205954e+00
0,900,1350,1,2,1.321045e+00
0,900,1350,1,3,1.266819e+00
0,900,1350,1,4,1.272597e+00
0,900,1350,1,5,1.204167e+00
0,900,1350,1,6,1.188504e+00
0,900,1350,1,7,1.273801e+00
0,900,1350,1,8,1.137362e+00
0,900,1350,1,9,1.347124e+00
0,900,1800,0,0,3.046633e+00
0,900,1800,0,1,3.051434e+00
0,900,1800,0,2,3.117077e+00
0,900,1800,0,3,2.998283e+00
0,900,1800,0,4,3.055326e+00
0,900,1800,0,5,2.993699e+00
0,900,1800,0,6,3.135983e+00
0,900,1800,0,7,2.991721e+00
0,900,1800,0,8,3.098349e+00
0,900,1800,0,9,3.050386e+00
0,900,1800,1,0,2.208670e+00
0,900,1800,1,1,2.196728e+00
0,900,1800,1,2,2.178457e+00
0,900,1800,1,3,2.180365e+00
0,900,1800,1,4,2.201583e+00
0,900,1800,1,5,2.302456e+00
0,900,1800,1,6,2.280696e+00
0,900,1800,1,7,2.231403e+00
0,900,1800,1,8,2.271082e+00
0,900,1800,1,9,2.216078e+00
0,1000,1001,0,0,3.749849e+00
0,1000,1001,0,1,3.747673e+00
0,1000,1001,0,2,3.761475e+00
0,1000,1001,0,3,3.664363e+00
0,1000,1001,0,4,3.632824e+00
0,1000,1001,0,5,3.640629e+00
0,1000,1001,0,6,3.700209e+00
0,1000,1001,0,7,3.655317e+00
0,1000,1001,0,8,3.663965e+00
0,1000,1001,0,9,3.651813e+00
0,1000,1001,1,0,7.122800e-01
0,1000,1001,1,1,6.894100e-01
0,1000,1001,1,2,7.802610e-01
0,1000,1001,1,3,7.353540e-01
0,1000,1001,1,4,6.545110e-01
0,1000,1001,1,5,7.039070e-01
0,1000,1001,1,6,6.959820e-01
0,1000,1001,1,7,7.077550e-01
0,1000,1001,1,8,6.703520e-01
0,1000,1001,1,9,7.123950e-01
0,1000,1500,0,0,4.044432e+00
0,1000,1500,0,1,4.049640e+00
0,1000,1500,0,2,3.959512e+00
0,1000,1500,0,3,4.011206e+00
0,1000,1500,0,4,3.983812e+00
0,1000,1500,0,5,3.967531e+00
0,1000,1500,0,6,4.028411e+00
0,1000,1500,0,7,4.057212e+00
0,1000,1500,0,8,3.985335e+00
0,1000,1500,0,9,3.931468e+00
0,1000,1500,1,0,1.546933e+00
0,1000,1500,1,1,1.730398e+00
0,1000,1500,1,2,1.669977e+00
0,1000,1500,1,3,1.910191e+00
0,1000,1500,1,4,1.539872e+00
0,1000,1500,1,5,1.580104e+00
0,1000,1500,1,6,1.917180e+00
0,1000,1500,1,7,1.573868e+00
0,1000,1500,1,8,1.625933e+00
0,1000,1500,1,9,1.797241e+00
0,1000,2000,0,0,4.319482e+00
0,1000,2000,0,1,4.305412e+00
0,1000,2000,0,2,4.398330e+00
0,1000,2000,0,3,4.353564e+00
0,1000,2000,0,4,4.270133e+00
0,1000,2000,0,5,4.359820e+00
0,1000,2000,0,6,4.255245e+00
0,1000,2000,0,7,4.339369e+00
0,1000,2000,0,8,4.251048e+00
0,1000,2000,0,9,4.382038e+00
0,1000,2000,1,0,3.164624e+00
0,1000,2000,1,1,3.151780e+00
0,1000,2000,1,2,2.993372e+00
0,1000,2000,1,3,2.838463e+00
0,1000,2000,1,4,3.027656e+00
0,1000,2000,1,5,3.145615e+00
0,1000,2000,1,6,3.026146e+00
0,1000,2000,1,7,3.192417e+00
0,1000,2000,1,8,2.929714e+00
0,1000,2000,1,9,3.051401e+00
1,100,101,0,0,5.832000e-03
1,100,101,0,1,5.064000e-03
1,100,101,0,2,6.349000e-03
1,100,101,0,3,6.093000e-03
1,100,101,0,4,6.134000e-03
1,100,101,0,5,5.719000e-03
1,100,101,0,6,5.285000e-03
1,100,101,0,7,5.833000e-03
1,100,101,0,8,4.952000e-03
1,100,101,0,9,5.233000e-03
1,100,101,1,0,1.361500e-02
1,100,101,1,1,1.301900e-02
1,100,101,1,2,1.325900e-02
1,100,101,1,3,1.264700e-02
1,100,101,1,4,1.417600e-02
1,100,101,1,5,1.295600e-02
1,100,101,1,6,1.248000e-02
1,100,101,1,7,1.376900e-02
1,100,101,1,8,1.259300e-02
1,100,101,1,9,1.386300e-02
1,100,150,0,0,9.550000e-03
1,100,150,0,1,1.357800e-02
1,100,150,0,2,1.385300e-02
1,100,150,0,3,1.138900e-02
1,100,150,0,4,1.207300e-02
1,100,150,0,5,1.271100e-02
1,100,150,0,6,1.339600e-02
1,100,150,0,7,1.146800e-02
1,100,150,0,8,1.258700e-02
1,100,150,0,9,1.315600e-02
1,100,150,1,0,2.008100e-02
1,100,150,1,1,2.208200e-02
1,100,150,1,2,2.161800e-02
1,100,150,1,3,2.242500e-02
1,100,150,1,4,2.289700e-02
1,100,150,1,5,2.131800e-02
1,100,150,1,6,2.476300e-02
1,100,150,1,7,2.402800e-02
1,100,150,1,8,2.119600e-02
1,100,150,1,9,2.296400e-02
1,100,200,0,0,2.081800e-02
1,100,200,0,1,1.733000e-02
1,100,200,0,2,1.330200e-02
1,100,200,0,3,9.692000e-03
1,100,200,0,4,1.189100e-02
1,100,200,0,5,1.365900e-02
1,100,200,0,6,1.563600e-02
1,100,200,0,7,1.223200e-02
1,100,200,0,8,1.029100e-02
1,100,200,0,9,1.502300e-02
1,100,200,1,0,3.482500e-02
1,100,200,1,1,3.362900e-02
1,100,200,1,2,3.363900e-02
1,100,200,1,3,3.202600e-02
1,100,200,1,4,3.424600e-02
1,100,200,1,5,3.436900e-02
1,100,200,1,6,3.346500e-02
1,100,200,1,7,3.218500e-02
1,100,200,1,8,3.073500e-02
1,100,200,1,9,3.327000e-02
1,200,201,0,0,2.913100e-02
1,200,201,0,1,5.715400e-02
1,200,201,0,2,3.422600e-02
1,200,201,0,3,3.084500e-02
1,200,201,0,4,3.447500e-02
1,200,201,0,5,3.101700e-02
1,200,201,0,6,3.297700e-02
1,200,201,0,7,3.077300e-02
1,200,201,0,8,3.071500e-02
1,200,201,0,9,3.672000e-02
1,200,201,1,0,6.221800e-02
1,200,201,1,1,6.603100e-02
1,200,201,1,2,7.013800e-02
1,200,201,1,3,6.667900e-02
1,200,201,1,4,6.492500e-02
1,200,201,1,5,6.819600e-02
1,200,201,1,6,6.569400e-02
1,200,201,1,7,6.587400e-02
1,200,201,1,8,6.071200e-02
1,200,201,1,9,6.634900e-02
1,200,300,0,0,1.448120e-01
1,200,300,0,1,1.094270e-01
1,200,300,0,2,1.471880e-01
1,200,300,0,3,1.122670e-01
1,200,300,0,4,7.307800e-02
1,200,300,0,5,1.238120e-01
1,200,300,0,6,9.378900e-02
1,200,300,0,7,1.028140e-01
1,200,300,0,8,8.274900e-02
1,200,300,0,9,1.059500e-01
1,200,300,1,0,1.208330e-01
1,200,300,1,1,1.228090e-01
1,200,300,1,2,1.267870e-01
1,200,300,1,3,1.231930e-01
1,200,300,1,4,1.193390e-01
1,200,300,1,5,1.209220e-01
1,200,300,1,6,1.292290e-01
1,200,300,1,7,1.207410e-01
1,200,300,1,8,1.148990e-01
1,200,300,1,9,1.162500e-01
1,200,400,0,0,1.324310e-01
1,200,400,0,1,1.221280e-01
1,200,400,0,2,1.839330e-01
1,200,400,0,3,8.743200e-02
1,200,400,0,4,1.288080e-01
1,200,400,0,5,1.783330e-01
1,200,400,0,6,1.183280e-01
1,200,400,0,7,1.296030e-01
1,200,400,0,8,1.083700e-01
1,200,400,0,9,1.490470e-01
1,200,400,1,0,2.050060e-01
1,200,400,1,1,2.043910e-01
1,200,400,1,2,2.038610e-01
1,200,400,1,3,2.014830e-01
1,200,400,1,4,2.066170e-01
1,200,400,1,5,2.065910e-01
1,200,400,1,6,2.156730e-01
1,200,400,1,7,2.096610e-01
1,200,400,1,8,2.003180e-01
1,200,400,1,9,2.000370e-01
1,300,301,0,0,9.308000e-02
1,300,301,0,1,8.334800e-02
1,300,301,0,2,1.056170e-01
1,300,301,0,3,8.713200e-02
1,300,301,0,4,9.038900e-02
1,300,301,0,5,9.271900e-02
1,300,301,0,6,8.363700e-02
1,300,301,0,7,8.888400e-02
1,300,301,0,8,8.215500e-02
1,300,301,0,9,9.630500e-02
1,300,301,1,0,2.304750e-01
1,300,301,1,1,2.215930e-01
1,300,301,1,2,2.049580e-01
1,300,301,1,3,2.044080e-01
1,300,301,1,4,2.051270e-01
1,300,301,1,5,2.179860e-01
1,300,301,1,6,2.036130e-01
1,300,301,1,7,2.010580e-01
1,300,301,1,8,2.174550e-01
1,300,301,1,9,2.224480e-01
1,300,450,0,0,2.304590e-01
1,300,450,0,1,5.545340e-01
1,300,450,0,2,2.952650e-01
1,300,450,0,3,3.325980e-01
1,300,450,0,4,4.203090e-01
1,300,450,0,5,2.776700e-01
1,300,450,0,6,4.225440e-01
1,300,450,0,7,3.567080e-01
1,300,450,0,8,2.841210e-01
1,300,450,0,9,3.307370e-01
1,300,450,1,0,3.913720e-01
1,300,450,1,1,3.840490e-01
1,300,450,1,2,3.864050e-01
1,300,450,1,3,3.839610e-01
1,300,450,1,4,3.811420e-01
1,300,450,1,5,3.829590e-01
1,300,450,1,6,4.047250e-01
1,300,450,1,7,3.794420e-01
1,300,450,1,8,3.994070e-01
1,300,450,1,9,3.975120e-01
1,300,600,0,0,4.730400e-01
1,300,600,0,1,2.490510e-01
1,300,600,0,2,4.792160e-01
1,300,600,0,3,3.326300e-01
1,300,600,0,4,4.570250e-01
1,300,600,0,5,5.870230e-01
1,300,600,0,6,3.159090e-01
1,300,600,0,7,5.148680e-01
1,300,600,0,8,2.509630e-01
1,300,600,0,9,4.610190e-01
1,300,600,1,0,5.926110e-01
1,300,600,1,1,6.457700e-01
1,300,600,1,2,6.296050e-01
1,300,600,1,3,6.388420e-01
1,300,600,1,4,6.358880e-01
1,300,600,1,5,5.928720e-01
1,300,600,1,6,6.038210e-01
1,300,600,1,7,6.496170e-01
1,300,600,1,8,5.872190e-01
1,300,600,1,9,5.986920e-01
1,400,401,0,0,1.792220e-01
1,400,401,0,1,2.514370e-01
1,400,401,0,2,1.768490e-01
1,400,401,0,3,2.115950e-01
1,400,401,0,4,1.666440e-01
1,400,401,0,5,1.794540e-01
1,400,401,0,6,1.932140e-01
1,400,401,0,7,1.832930e-01
1,400,401,0,8,1.837070e-01
1,400,401,0,9,1.841450e-01
1,400,401,1,0,4.697640e-01
1,400,401,1,1,4.988510e-01
1,400,401,1,2,4.362090e-01
1,400,401,1,3,4.336340e-01
1,400,401,1,4,4.469880e-01
1,400,401,1,5,4.702270e-01
1,400,401,1,6,4.747400e-01
1,400,401,1,7,4.385750e-01
1,400,401,1,8,4.287510e-01
1,400,401,1,9,4.710000e-01
1,400,600,0,0,9.683180e-01
1,400,600,0,1,8.484090e-01
1,400,600,0,2,8.128560e-01
1,400,600,0,3,7.794910e-01
1,400,600,0,4,1.298729e+00
1,400,600,0,5,9.782990e-01
1,400,600,0,6,1.694774e+00
1,400,600,0,7,1.420321e+00
1,400,600,0,8,1.033151e+00
1,400,600,0,9,8.148640e-01
1,400,600,1,0,8.424260e-01
1,400,600,1,1,7.744500e-01
1,400,600,1,2,8.279460e-01
1,400,600,1,3,8.243100e-01
1,400,600,1,4,8.548560e-01
1,400,600,1,5,7.643310e-01
1,400,600,1,6,7.958060e-01
1,400,600,1,7,7.409610e-01
1,400,600,1,8,8.072180e-01
1,400,600,1,9,7.837700e-01
1,400,800,0,0,1.089983e+00
1,400,800,0,1,1.379074e+00
1,400,800,0,2,1.615403e+00
1,400,800,0,3,1.546966e+00
1,400,800,0,4,9.751020e-01
1,400,800,0,5,1.169473e+00
1,400,800,0,6,1.540707e+00
1,400,800,0,7,1.982782e+00
1,400,800,0,8,1.628443e+00
1,400,800,0,9,1.401833e+00
1,400,800,1,0,1.237075e+00
1,400,800,1,1,1.289073e+00
1,400,800,1,2,1.257176e+00
1,400,800,1,3,1.209482e+00
1,400,800,1,4,1.371978e+00
1,400,800,1,5,1.335688e+00
1,400,800,1,6,1.319789e+00
1,400,800,1,7,1.256859e+00
1,400,800,1,8,1.273927e+00
1,400,800,1,9,1.294308e+00
1,500,501,0,0,3.710270e-01
1,500,501,0,1,3.514460e-01
1,500,501,0,2,3.678900e-01
1,500,501,0,3,4.093930e-01
1,500,501,0,4,3.736200e-01
1,500,501,0,5,4.200390e-01
1,500,501,0,6,3.940000e-01
1,500,501,0,7,3.651110e-01
1,500,501,0,8,3.578190e-01
1,500,501,0,9,3.716810e-01
1,500,501,1,0,8.271630e-01
1,500,501,1,1,7.396740e-01
1,500,501,1,2,8.110490e-01
1,500,501,1,3,8.424280e-01
1,500,501,1,4,7.570080e-01
1,500,501,1,5,7.742130e-01
1,500,501,1,6,8.278080e-01
1,500,501,1,7,8.112690e-01
1,500,501,1,8,7.798520e-01
1,500,501,1,9,7.579630e-01
1,500,750,0,0,2.863184e+00
1,500,750,0,1,1.993598e+00
1,500,750,0,2,1.640749e+00
1,500,750,0,3,3.821910e+00
1,500,750,0,4,3.478683e+00
1,500,750,0,5,2.747678e+00
1,500,750,0,6,1.484338e+00
1,500,750,0,7,2.452614e+00
1,500,750,0,8,1.550179e+00
1,500,750,0,9,2.707971e+00
1,500,750,1,0,1.366296e+00
1,500,750,1,1,1.414461e+00
1,500,750,1,2,1.473719e+00
1,500,750,1,3,1.412908e+00
1,500,750,1,4,1.438006e+00
1,500,750,1,5,1.383355e+00
1,500,750,1,6,1.358845e+00
1,500,750,1,7,1.438605e+00
1,500,750,1,8,1.379006e+00
1,500,750,1,9,1.422543e+00
1,500,1000,0,0,4.305883e+00
1,500,1000,0,1,2.712478e+00
1,500,1000,0,2,3.599593e+00
1,500,1000,0,3,3.707566e+00
1,500,1000,0,4,3.862639e+00
1,500,1000,0,5,2.645661e+00
1,500,1000,0,6,3.038876e+00
1,500,1000,0,7,2.567191e+00
1,500,1000,0,8,1.443755e+00
1,500,1000,0,9,3.157717e+00
1,500,1000,1,0,2.408760e+00
1,500,1000,1,1,2.305029e+00
1,500,1000,1,2,2.342477e+00
1,500,1000,1,3,2.411093e+00
1,500,1000,1,4,2.468353e+00
1,500,1000,1,5,2.388258e+00
1,500,1000,1,6,2.200553e+00
1,500,1000,1,7,2.259028e+00
1,500,1000,1,8,2.163582e+00
1,500,1000,1,9,2.310477e+00
1,600,601,0,0,7.435610e-01
1,600,601,0,1,7.188800e-01
1,600,601,0,2,8.059450e-01
1,600,601,0,3,7.747560e-01
1,600,601,0,4,9.544280e-01
1,600,601,0,5,6.884760e-01
1,600,601,0,6,6.399390e-01
1,600,601,0,7,6.789520e-01
1,600,601,0,8,6.669290e-01
1,600,601,0,9,6.896510e-01
1,600,601,1,0,1.242635e+00
1,600,601,1,1,1.420236e+00
1,600,601,1,2,1.299080e+00
1,600,601,1,3,1.233040e+00
1,600,601,1,4,1.223922e+00
1,600,601,1,5,1.233215e+00
1,600,601,1,6,1.278903e+00
1,600,601,1,7,1.268666e+00
1,600,601,1,8,1.348462e+00
1,600,601,1,9,1.335098e+00
1,600,900,0,0,1.036115e+01
1,600,900,0,1,6.560434e+00
1,600,900,0,2,6.935637e+00
1,600,900,0,3,1.040885e+01
1,600,900,0,4,6.456705e+00
1,600,900,0,5,4.617007e+00
1,600,900,0,6,5.402912e+00
1,600,900,0,7,5.375298e+00
1,600,900,0,8,8.985234e+00
1,600,900,0,9,6.815357e+00
1,600,900,1,0,2.186812e+00
1,600,900,1,1,2.223194e+00
1,600,900,1,2,2.239442e+00
1,600,900,1,3,2.383446e+00
1,600,900,1,4,2.440598e+00
1,600,900,1,5,2.363032e+00
1,600,900,1,6,2.231718e+00
1,600,900,1,7,2.134936e+00
1,600,900,1,8,2.415302e+00
1,600,900,1,9,2.393928e+00
1,600,1200,0,0,5.078629e+00
1,600,1200,0,1,8.175790e+00
1,600,1200,0,2,1.143595e+01
1,600,1200,0,3,7.819520e+00
1,600,1200,0,4,8.644605e+00
1,600,1200,0,5,8.599647e+00
1,600,1200,0,6,8.054687e+00
1,600,1200,0,7,6.523940e+00
1,600,1200,0,8,6.058095e+00
1,600,1200,0,9,6.557052e+00
1,600,1200,1,0,3.612112e+00
1,600,1200,1,1,3.628304e+00
1,600,1200,1,2,3.549194e+00
1,600,1200,1,3,3.609080e+00
1,600,1200,1,4,3.863195e+00
1,600,1200,1,5,3.935887e+00
1,600,1200,1,6,3.514739e+00
1,600,1200,1,7,3.615472e+00
1,600,1200,1,8,3.707760e+00
1,600,1200,1,9,3.743538e+00
1,700,701,0,0,1.763874e+00
1,700,701,0,1,1.133256e+00
1,700,701,0,2,1.161568e+00
1,700,701,0,3,1.165713e+00
1,700,701,0,4,5.063242e+00
1,700,701,0,5,1.124003e+00
1,700,701,0,6,1.108897e+00
1,700,701,0,7,1.090528e+00
1,700,701,0,8,1.201303e+00
1,700,701,0,9,1.050183e+00
1,700,701,1,0,1.925858e+00
1,700,701,1,1,1.876829e+00
1,700,701,1,2,1.853228e+00
1,700,701,1,3,1.834023e+00
1,700,701,1,4,1.792896e+00
1,700,701,1,5,1.832776e+00
1,700,701,1,6,1.856916e+00
1,700,701,1,7,1.960327e+00
1,700,701,1,8,2.002237e+00
1,700,701,1,9,1.839199e+00
1,700,1050,0,0,6.998747e+00
1,700,1050,0,1,1.475953e+01
1,700,1050,0,2,8.115400e+00
1,700,1050,0,3,1.718908e+01
1,700,1050,0,4,9.591170e+00
1,700,1050,0,5,1.351493e+01
1,700,1050,0,6,1.688698e+01
1,700,1050,0,7,1.811827e+01
1,700,1050,0,8,1.011942e+01
1,700,1050,0,9,8.816197e+00
1,700,1050,1,0,3.332939e+00
1,700,1050,1,1,3.496545e+00
1,700,1050,1,2,3.394281e+00
1,700,1050,1,3,3.651522e+00
1,700,1050,1,4,3.507418e+00
1,700,1050,1,5,3.573025e+00
1,700,1050,1,6,3.476454e+00
1,700,1050,1,7,3.509529e+00
1,700,1050,1,8,3.355203e+00
1,700,1050,1,9,3.732240e+00
1,700,1400,0,0,2.138731e+01
1,700,1400,0,1,1.229345e+01
1,700,1400,0,2,1.567855e+01
1,700,1400,0,3,2.452325e+01
1,700,1400,0,4,1.218930e+01
1,700,1400,0,5,1.607699e+01
1,700,1400,0,6,1.613808e+01
1,700,1400,0,7,1.379771e+01
1,700,1400,0,8,1.344903e+01
1,700,1400,0,9,1.890924e+01
1,700,1400,1,0,5.650516e+00
1,700,1400,1,1,5.572890e+00
1,700,1400,1,2,5.528158e+00
1,700,1400,1,3,5.771280e+00
1,700,1400,1,4,5.500119e+00
1,700,1400,1,5,5.568876e+00
1,700,1400,1,6,5.323751e+00
1,700,1400,1,7,5.380387e+00
1,700,1400,1,8,5.562041e+00
1,700,1400,1,9,5.408684e+00
1,800,801,0,0,2.126146e+00
1,800,801,0,1,2.175080e+00
1,800,801,0,2,1.964131e+00
1,800,801,0,3,2.125192e+00
1,800,801,0,4,1.982924e+00
1,800,801,0,5,1.950906e+00
1,800,801,0,6,2.343479e+00
1,800,801,0,7,2.497301e+00
1,800,801,0,8,2.133956e+00
1,800,801,0,9,2.312668e+00
1,800,801,1,0,2.781007e+00
1,800,801,1,1,2.769425e+00
1,800,801,1,2,2.802407e+00
1,800,801,1,3,2.742169e+00
1,800,801,1,4,2.797782e+00
1,800,801,1,5,2.643778e+00
1,800,801,1,6,2.677140e+00
1,800,801,1,7,2.654216e+00
1,800,801,1,8,2.705081e+00
1,800,801,1,9,2.771544e+00
1,800,1200,0,0,3.502885e+01
1,800,1200,0,1,2.307076e+01
1,800,1200,0,2,1.945529e+01
1,800,1200,0,3,2.612314e+01
1,800,1200,0,4,2.906523e+01
1,800,1200,0,5,2.753681e+01
1,800,1200,0,6,2.685235e+01
1,800,1200,0,7,1.183367e+01
1,800,1200,0,8,2.748307e+01
1,800,1200,0,9,3.830416e+01
1,800,1200,1,0,5.174747e+00
1,800,1200,1,1,4.962217e+00
1,800,1200,1,2,4.769749e+00
1,800,1200,1,3,5.313547e+00
1,800,1200,1,4,5.249657e+00
1,800,1200,1,5,4.995397e+00
1,800,1200,1,6,4.942064e+00
1,800,1200,1,7,5.024162e+00
1,800,1200,1,8,4.934308e+00
1,800,1200,1,9,4.872786e+00
1,800,1600,0,0,3.689842e+01
1,800,1600,0,1,3.689815e+01
1,800,1600,0,2,2.423282e+01
1,800,1600,0,3,1.513684e+01
1,800,1600,0,4,3.916599e+01
1,800,1600,0,5,2.369151e+01
1,800,1600,0,6,3.901131e+01
1,800,1600,0,7,2.548612e+01
1,800,1600,0,8,4.175462e+01
1,800,1600,0,9,3.778048e+01
1,800,1600,1,0,8.520241e+00
1,800,1600,1,1,8.139699e+00
1,800,1600,1,2,8.100160e+00
1,800,1600,1,3,7.806096e+00
1,800,1600,1,4,7.798413e+00
1,800,1600,1,5,8.040866e+00
1,800,1600,1,6,8.161631e+00
1,800,1600,1,7,8.151531e+00
1,800,1600,1,8,7.944795e+00
1,800,1600,1,9,8.259254e+00
1,900,901,0,0,3.035955e+00
1,900,901,0,1,3.343325e+00
1,900,901,0,2,4.799075e+00
1,900,901,0,3,2.994233e+00
1,900,901,0,4,3.291358e+00
1,900,901,0,5,3.113282e+00
1,900,901,0,6,1.254606e+01
1,900,901,0,7,3.248276e+00
1,900,901,0,8,3.229057e+00
1,900,901,0,9,3.299021e+00
1,900,901,1,0,3.968292e+00
1,900,901,1,1,3.769864e+00
1,900,901,1,2,3.716215e+00
1,900,901,1,3,3.728690e+00
1,900,901,1,4,3.537643e+00
1,900,901,1,5,3.803661e+00
1,900,901,1,6,3.750420e+00
1,900,901,1,7,3.759859e+00
1,900,901,1,8,3.725793e+00
1,900,901,1,9,3.786969e+00
1,900,1350,0,0,3.413738e+01
1,900,1350,0,1,2.854392e+01
1,900,1350,0,2,3.648841e+01
1,900,1350,0,3,3.733950e+01
1,900,1350,0,4,2.666262e+01
1,900,1350,0,5,4.355249e+01
1,900,1350,0,6,3.829979e+01
1,900,1350,0,7,4.410831e+01
1,900,1350,0,8,4.901738e+01
1,900,1350,0,9,2.854521e+01
1,900,1350,1,0,6.946818e+00
1,900,1350,1,1,7.157850e+00
1,900,1350,1,2,7.326716e+00
1,900,1350,1,3,6.914149e+00
1,900,1350,1,4,7.139279e+00
1,900,1350,1,5,7.311320e+00
1,900,1350,1,6,6.750532e+00
1,900,1350,1,7,6.571638e+00
1,900,1350,1,8,7.011995e+00
1,900,1350,1,9,7.310245e+00
1,900,1800,0,0,4.056120e+01
1,900,1800,0,1,3.902148e+01
1,900,1800,0,2,8.342279e+01
1,900,1800,0,3,5.221562e+01
1,900,1800,0,4,4.509280e+01
1,900,1800,0,5,4.974240e+01
1,900,1800,0,6,5.139910e+01
1,900,1800,0,7,2.953107e+01
1,900,1800,0,8,4.815143e+01
1,900,1800,0,9,6.281582e+01
1,900,1800,1,0,1.095017e+01
1,900,1800,1,1,1.051919e+01
1,900,1800,1,2,1.118644e+01
1,900,1800,1,3,1.086100e+01
1,900,1800,1,4,1.105182e+01
1,900,1800,1,5,1.159925e+01
1,900,1800,1,6,1.052841e+01
1,900,1800,1,7,1.118834e+01
1,900,1800,1,8,1.091358e+01
1,900,1800,1,9,1.154992e+01
1,1000,1001,0,0,4.718430e+00
1,1000,1001,0,1,4.729243e+00
1,1000,1001,0,2,4.668348e+00
1,1000,1001,0,3,4.933407e+00
1,1000,1001,0,4,4.628256e+00
1,1000,1001,0,5,6.686592e+00
1,1000,1001,0,6,4.732959e+00
1,1000,1001,0,7,4.440634e+00
1,1000,1001,0,8,4.424491e+00
1,1000,1001,0,9,6.374002e+00
1,1000,1001,1,0,5.309269e+00
1,1000,1001,1,1,4.669473e+00
1,1000,1001,1,2,5.049269e+00
1,1000,1001,1,3,4.932543e+00
1,1000,1001,1,4,4.974393e+00
1,1000,1001,1,5,5.009237e+00
1,1000,1001,1,6,4.987888e+00
1,1000,1001,1,7,5.374434e+00
1,1000,1001,1,8,4.971236e+00
1,1000,1001,1,9,5.259077e+00
1,1000,1500,0,0,9.714853e+01
1,1000,1500,0,1,5.526877e+01
1,1000,1500,0,2,7.220597e+01
1,1000,1500,0,3,6.764608e+01
1,1000,1500,0,4,4.124200e+01
1,1000,1500,0,5,7.216143e+01
1,1000,1500,0,6,5.911138e+01
1,1000,1500,0,7,5.087413e+01
1,1000,1500,0,8,2.924426e+01
1,1000,1500,0,9,4.961493e+01
1,1000,1500,1,0,9.281588e+00
1,1000,1500,1,1,1.060018e+01
1,1000,1500,1,2,9.373572e+00
1,1000,1500,1,3,8.885938e+00
1,1000,1500,1,4,9.296988e+00
1,1000,1500,1,5,9.606002e+00
1,1000,1500,1,6,9.399230e+00
1,1000,1500,1,7,9.248573e+00
1,1000,1500,1,8,9.247631e+00
1,1000,1500,1,9,9.272562e+00
1,1000,2000,0,0,8.029132e+01
1,1000,2000,0,1,9.787791e+01
1,1000,2000,0,2,6.803526e+01
1,1000,2000,0,3,1.091730e+02
1,1000,2000,0,4,4.777938e+01
1,1000,2000,0,5,9.038687e+01
1,1000,2000,0,6,4.523673e+01
1,1000,2000,0,7,6.098481e+01
1,1000,2000,0,8,5.155322e+01
1,1000,2000,0,9,7.079795e+01
1,1000,2000,1,0,1.484962e+01
1,1000,2000,1,1,1.448441e+01
1,1000,2000,1,2,1.526433e+01
1,1000,2000,1,3,1.434503e+01
1,1000,2000,1,4,1.472091e+01
1,1000,2000,1,5,1.388458e+01
1,1000,2000,1,6,1.407906e+01
1,1000,2000,1,7,1.596610e+01
1,1000,2000,1,8,1.506344e+01
1,1000,2000,1,9,1.582867e+01
2,100,101,0,0,7.150000e-03
2,100,101,0,1,9.540000e-03
2,100,101,0,2,6.286000e-03
2,100,101,0,3,5.723000e-03
2,100,101,0,4,7.463000e-03
2,100,101,0,5,1.095300e-02
2,100,101,0,6,5.661000e-03
2,100,101,0,7,7.546000e-03
2,100,101,0,8,7.889000e-03
2,100,101,0,9,8.047000e-03
2,100,101,1,0,1.300200e-02
2,100,101,1,1,1.020900e-02
2,100,101,1,2,9.160000e-03
2,100,101,1,3,9.808000e-03
2,100,101,1,4,9.302000e-03
2,100,101,1,5,9.907000e-03
2,100,101,1,6,9.956000e-03
2,100,101,1,7,9.108000e-03
2,100,101,1,8,9.742000e-03
2,100,101,1,9,1.014500e-02
2,100,150,0,0,1.644100e-02
2,100,150,0,1,1.303300e-02
2,100,150,0,2,2.165800e-02
2,100,150,0,3,1.562800e-02
2,100,150,0,4,1.433800e-02
2,100,150,0,5,1.872100e-02
2,100,150,0,6,1.687100e-02
2,100,150,0,7,1.797300e-02
2,100,150,0,8,1.091800e-02
2,100,150,0,9,1.314100e-02
2,100,150,1,0,1.858800e-02
2,100,150,1,1,1.888400e-02
2,100,150,1,2,1.864300e-02
2,100,150,1,3,1.885800e-02
2,100,150,1,4,1.805200e-02
2,100,150,1,5,1.955800e-02
2,100,150,1,6,1.817600e-02
2,100,150,1,7,1.814400e-02
2,100,150,1,8,1.713600e-02
2,100,150,1,9,1.800800e-02
2,100,200,0,0,1.894900e-02
2,100,200,0,1,1.637300e-02
2,100,200,0,2,1.527900e-02
2,100,200,0,3,1.761900e-02
2,100,200,0,4,1.862100e-02
2,100,200,0,5,1.191800e-02
2,100,200,0,6,1.084400e-02
2,100,200,0,7,1.713800e-02
2,100,200,0,8,1.659000e-02
2,100,200,0,9,1.859300e-02
2,100,200,1,0,2.907100e-02
2,100,200,1,1,3.083300e-02
2,100,200,1,2,3.085700e-02
2,100,200,1,3,3.307400e-02
2,100,200,1,4,3.058100e-02
2,100,200,1,5,2.810000e-02
2,100,200,1,6,2.803900e-02
2,100,200,1,7,3.037700e-02
2,100,200,1,8,2.942800e-02
2,100,200,1,9,2.859600e-02
2,200,201,0,0,3.523600e-02
2,200,201,0,1,4.117100e-02
2,200,201,0,2,5.426200e-02
2,200,201,0,3,3.564900e-02
2,200,201,0,4,3.753300e-02
2,200,201,0,5,3.271300e-02
2,200,201,0,6,3.868600e-02
2,200,201,0,7,3.156700e-02
2,200,201,0,8,3.150600e-02
2,200,201,0,9,4.117500e-02
2,200,201,1,0,4.633600e-02
2,200,201,1,1,4.243700e-02
2,200,201,1,2,4.285600e-02
2,200,201,1,3,4.232100e-02
2,200,201,1,4,4.353600e-02
2,200,201,1,5,4.767700e-02
2,200,201,1,6,4.215200e-02
2,200,201,1,7,4.724700e-02
2,200,201,1,8,4.396300e-02
2,200,201,1,9,4.692300e-02
2,200,300,0,0,1.122590e-01
2,200,300,0,1,7.428300e-02
2,200,300,0,2,1.448330e-01
2,200,300,0,3,9.847900e-02
2,200,300,0,4,9.156200e-02
2,200,300,0,5,1.493490e-01
2,200,300,0,6,1.734310e-01
2,200,300,0,7,9.885800e-02
2,200,300,0,8,1.215340e-01
2,200,300,0,9,9.504900e-02
2,200,300,1,0,9.530900e-02
2,200,300,1,1,9.187000e-02
2,200,300,1,2,9.353800e-02
2,200,300,1,3,9.297200e-02
2,200,300,1,4,9.168500e-02
2,200,300,1,5,9.490500e-02
2,200,300,1,6,9.189600e-02
2,200,300,1,7,9.385000e-02
2,200,300,1,8,9.980900e-02
2,200,300,1,9,9.090600e-02
2,200,400,0,0,3.123930e-01
2,200,400,0,1,1.651750e-01
2,200,400,0,2,1.104970e-01
2,200,400,0,3,1.569640e-01
2,200,400,0,4,1.891560e-01
2,200,400,0,5,2.356570e-01
2,200,400,0,6,1.770070e-01
2,200,400,0,7,1.560250e-01
2,200,400,0,8,1.051270e-01
2,200,400,0,9,2.267640e-01
2,200,400,1,0,1.759630e-01
2,200,400,1,1,1.757750e-01
2,200,400,1,2,1.725150e-01
2,200,400,1,3,1.854270e-01
2,200,400,1,4,1.605610e-01
2,200,400,1,5,1.694090e-01
2,200,400,1,6,1.730980e-01
2,200,400,1,7,1.681190e-01
2,200,400,1,8,1.640710e-01
2,200,400,1,9,1.741410e-01
2,300,301,0,0,9.894600e-02
2,300,301,0,1,9.668700e-02
2,300,301,0,2,9.716000e-02
2,300,301,0,3,1.686450e-01
2,300,301,0,4,9.036400e-02
2,300,301,0,5,1.720490e-01
2,300,301,0,6,9.782900e-02
2,300,301,0,7,8.461700e-02
2,300,301,0,8,8.839000e-02
2,300,301,0,9,1.046920e-01
2,300,301,1,0,1.427300e-01
2,300,301,1,1,1.272630e-01
2,300,301,1,2,1.301160e-01
2,300,301,1,3,1.451060e-01
2,300,301,1,4,1.289510e-01
2,300,301,1,5,1.246720e-01
2,300,301,1,6,1.439130e-01
2,300,301,1,7,1.422530e-01
2,300,301,1,8,1.283460e-01
2,300,301,1,9,1.478600e-01
2,300,450,0,0,5.613920e-01
2,300,450,0,1,7.384590e-01
2,300,450,0,2,5.519790e-01
2,300,450,0,3,5.559930e-01
2,300,450,0,4,6.461970e-01
2,300,450,0,5,5.786880e-01
2,300,450,0,6,4.955380e-01
2,300,450,0,7,4.730690e-01
2,300,450,0,8,5.574000e-01
2,300,450,0,9,4.588950e-01
2,300,450,1,0,2.988950e-01
2,300,450,1,1,2.934760e-01
2,300,450,1,2,2.857480e-01
2,300,450,1,3,3.099760e-01
2,300,450,1,4,2.845150e-01
2,300,450,1,5,3.086240e-01
2,300,450,1,6,2.949640e-01
2,300,450,1,7,2.766010e-01
2,300,450,1,8,2.865060e-01
2,300,450,1,9,3.153060e-01
2,300,600,0,0,5.013890e-01
2,300,600,0,1,5.662600e-01
2,300,600,0,2,7.340500e-01
2,300,600,0,3,4.721780e-01
2,300,600,0,4,6.432330e-01
2,300,600,0,5,8.955760e-01
2,300,600,0,6,7.631090e-01
2,300,600,0,7,3.590940e-01
2,300,600,0,8,6.726320e-01
2,300,600,0,9,6.249680e-01
2,300,600,1,0,4.982720e-01
2,300,600,1,1,5.240260e-01
2,300,600,1,2,5.223370e-01
2,300,600,1,3,5.201760e-01
2,300,600,1,4,5.020310e-01
2,300,600,1,5,5.126680e-01
2,300,600,1,6,4.811190e-01
2,300,600,1,7,4.900640e-01
2,300,600,1,8,4.737260e-01
2,300,600,1,9,5.158770e-01
2,400,401,0,0,2.122040e-01
2,400,401,0,1,2.101050e-01
2,400,401,0,2,2.371740e-01
2,400,401,0,3,1.976390e-01
2,400,401,0,4,2.257350e-01
2,400,401,0,5,2.073970e-01
2,400,401,0,6,2.166390e-01
2,400,401,0,7,2.279790e-01
2,400,401,0,8,2.053430e-01
2,400,401,0,9,2.047600e-01
2,400,401,1,0,2.820870e-01
2,400,401,1,1,2.727790e-01
2,400,401,1,2,3.079210e-01
2,400,401,1,3,3.008520e-01
2,400,401,1,4,3.031410e-01
2,400,401,1,5,3.088640e-01
2,400,401,1,6,2.920900e-01
2,400,401,1,7,2.817620e-01
2,400,401,1,8,3.050140e-01
2,400,401,1,9,3.100240e-01
2,400,600,0,0,2.347826e+00
2,400,600,0,1,2.494335e+00
2,400,600,0,2,1.156097e+00
2,400,600,0,3,1.167621e+00
2,400,600,0,4,1.925946e+00
2,400,600,0,5,1.785601e+00
2,400,600,0,6,1.599335e+00
2,400,600,0,7,1.868088e+00
2,400,600,0,8,1.953685e+00
2,400,600,0,9,1.590136e+00
2,400,600,1,0,6.287050e-01
2,400,600,1,1,6.230040e-01
2,400,600,1,2,6.129350e-01
2,400,600,1,3,5.855010e-01
2,400,600,1,4,6.536900e-01
2,400,600,1,5,6.416200e-01
2,400,600,1,6,6.140080e-01
2,400,600,1,7,6.585480e-01
2,400,600,1,8,5.914220e-01
2,400,600,1,9,6.493040e-01
2,400,800,0,0,1.758317e+00
2,400,800,0,1,1.628164e+00
2,400,800,0,2,1.063605e+00
2,400,800,0,3,1.677455e+00
2,400,800,0,4,1.340811e+00
2,400,800,0,5,1.467084e+00
2,400,800,0,6,1.355140e+00
2,400,800,0,7,1.457585e+00
2,400,800,0,8,1.993832e+00
2,400,800,0,9,1.996192e+00
2,400,800,1,0,1.125926e+00
2,400,800,1,1,9.444750e-01
2,400,800,1,2,1.008669e+00
2,400,800,1,3,1.077013e+00
2,400,800,1,4,1.010519e+00
2,400,800,1,5,9.744680e-01
2,400,800,1,6,1.040436e+00
2,400,800,1,7,1.017865e+00
2,400,800,1,8,1.079103e+00
2,400,800,1,9,1.091838e+00
2,500,501,0,0,4.941490e-01
2,500,501,0,1,4.372850e-01
2,500,501,0,2,4.550090e-01
2,500,501,0,3,5.002420e-01
2,500,501,0,4,2.222525e+00
2,500,501,0,5,4.434710e-01
2,500,501,0,6,1.019338e+00
2,500,501,0,7,7.961400e-01
2,500,501,0,8,3.626480e-01
2,500,501,0,9,4.338940e-01
2,500,501,1,0,5.304320e-01
2,500,501,1,1,5.056950e-01
2,500,501,1,2,5.558370e-01
2,500,501,1,3,4.899820e-01
2,500,501,1,4,5.541080e-01
2,500,501,1,5,5.385510e-01
2,500,501,1,6,5.549360e-01
2,500,501,1,7,5.143250e-01
2,500,501,1,8,5.367690e-01
2,500,501,1,9,5.026320e-01
2,500,750,0,0,1.710403e+00
2,500,750,0,1,3.566119e+00
2,500,750,0,2,1.723714e+00
2,500,750,0,3,5.450990e+00
2,500,750,0,4,4.481931e+00
2,500,750,0,5,3.944645e+00
2,500,750,0,6,6.395158e+00
2,500,750,0,7,4.172264e+00
2,500,750,0,8,5.582195e+00
2,500,750,0,9,3.887303e+00
2,500,750,1,0,1.055828e+00
2,500,750,1,1,1.138916e+00
2,500,750,1,2,1.071654e+00
2,500,750,1,3,1.101608e+00
2,500,750,1,4,1.010282e+00
2,500,750,1,5,1.069502e+00
2,500,750,1,6,1.088000e+00
2,500,750,1,7,1.010602e+00
2,500,750,1,8,1.062668e+00
2,500,750,1,9,1.056513e+00
2,500,1000,0,0,3.030262e+00
2,500,1000,0,1,6.577841e+00
2,500,1000,0,2,4.220616e+00
2,500,1000,0,3,4.405422e+00
2,500,1000,0,4,4.617403e+00
2,500,1000,0,5,4.038632e+00
2,500,1000,0,6,4.574884e+00
2,500,1000,0,7,5.653888e+00
2,500,1000,0,8,5.831783e+00
2,500,1000,0,9,4.936337e+00
2,500,1000,1,0,1.857194e+00
2,500,1000,1,1,1.702370e+00
2,500,1000,1,2,1.762641e+00
2,500,1000,1,3,1.774385e+00
2,500,1000,1,4,1.835987e+00
2,500,1000,1,5,1.797865e+00
2,500,1000,1,6,1.809988e+00
2,500,1000,1,7,1.940355e+00
2,500,1000,1,8,1.884606e+00
2,500,1000,1,9,1.851538e+00
2,600,601,0,0,8.348690e-01
2,600,601,0,1,6.896080e-01
2,600,601,0,2,7.528440e-01
2,600,601,0,3,7.863140e-01
2,600,601,0,4,7.604320e-01
2,600,601,0,5,1.014968e+00
2,600,601,0,6,2.674995e+00
2,600,601,0,7,8.822060e-01
2,600,601,0,8,9.152040e-01
2,600,601,0,9,3.719341e+00
2,600,601,1,0,8.235650e-01
2,600,601,1,1,8.890890e-01
2,600,601,1,2,9.035560e-01
2,600,601,1,3,8.462100e-01
2,600,601,1,4,8.848740e-01
2,600,601,1,5,8.899530e-01
2,600,601,1,6,8.514150e-01
2,600,601,1,7,8.900760e-01
2,600,601,1,8,8.490900e-01
2,600,601,1,9,8.172360e-01
2,600,900,0,0,7.585286e+00
2,600,900,0,1,6.920595e+00
2,600,900,0,2,7.771112e+00
2,600,900,0,3,1.828764e+01
2,600,900,0,4,6.283331e+00
2,600,900,0,5,6.246644e+00
2,600,900,0,6,9.553711e+00
2,600,900,0,7,1.157635e+01
2,600,900,0,8,1.631801e+01
2,600,900,0,9,9.398066e+00
2,600,900,1,0,1.721377e+00
2,600,900,1,1,1.868040e+00
2,600,900,1,2,1.662970e+00
2,600,900,1,3,1.765107e+00
2,600,900,1,4,1.736239e+00
2,600,900,1,5,1.722072e+00
2,600,900,1,6,1.837713e+00
2,600,900,1,7,1.786526e+00
2,600,900,1,8,1.828344e+00
2,600,900,1,9,1.692653e+00
2,600,1200,0,0,1.549388e+01
2,600,1200,0,1,1.141738e+01
2,600,1200,0,2,1.541366e+01
2,600,1200,0,3,8.631512e+00
2,600,1200,0,4,6.919528e+00
2,600,1200,0,5,1.601343e+01
2,600,1200,0,6,1.506574e+01
2,600,1200,0,7,1.371470e+01
2,600,1200,0,8,1.503264e+01
2,600,1200,0,9,1.053506e+01
2,600,1200,1,0,2.929492e+00
2,600,1200,1,1,2.792471e+00
2,600,1200,1,2,2.860504e+00
2,600,1200,1,3,2.870906e+00
2,600,1200,1,4,2.976825e+00
2,600,1200,1,5,2.953188e+00
2,600,1200,1,6,2.916973e+00
2,600,1200,1,7,2.960499e+00
2,600,1200,1,8,3.009056e+00
2,600,1200,1,9,2.979374e+00
2,700,701,0,0,1.227274e+00
2,700,701,0,1,1.483202e+00
2,700,701,0,2,1.282306e+00
2,700,701,0,3,1.382182e+00
2,700,701,0,4,1.234541e+00
2,700,701,0,5,1.394020e+00
2,700,701,0,6,1.508370e+00
2,700,701,0,7,1.340109e+00
2,700,701,0,8,1.205829e+00
2,700,701,0,9,1.913573e+00
2,700,701,1,0,1.294027e+00
2,700,701,1,1,1.352348e+00
2,700,701,1,2,1.224964e+00
2,700,701,1,3,1.296009e+00
2,700,701,1,4,1.217360e+00
2,700,701,1,5,1.299473e+00
2,700,701,1,6,1.274515e+00
2,700,701,1,7,1.260616e+00
2,700,701,1,8,1.222792e+00
2,700,701,1,9,1.210655e+00
2,700,1050,0,0,1.889108e+01
2,700,1050,0,1,1.711139e+01
2,700,1050,0,2,1.359367e+01
2,700,1050,0,3,1.955005e+01
2,700,1050,0,4,8.524784e+00
2,700,1050,0,5,2.477606e+01
2,700,1050,0,6,3.047143e+01
2,700,1050,0,7,2.193461e+01
2,700,1050,0,8,1.847322e+01
2,700,1050,0,9,1.197530e+01
2,700,1050,1,0,2.602513e+00
2,700,1050,1,1,2.664863e+00
2,700,1050,1,2,2.555950e+00
2,700,1050,1,3,2.656728e+00
2,700,1050,1,4,2.539757e+00
2,700,1050,1,5,2.641070e+00
2,700,1050,1,6,2.608785e+00
2,700,1050,1,7,2.674243e+00
2,700,1050,1,8,2.735611e+00
2,700,1050,1,9,2.676713e+00
2,700,1400,0,0,1.767360e+01
2,700,1400,0,1,1.608634e+01
2,700,1400,0,2,2.559528e+01
2,700,1400,0,3,2.249694e+01
2,700,1400,0,4,1.411158e+01
2,700,1400,0,5,1.163431e+01
2,700,1400,0,6,2.207881e+01
2,700,1400,0,7,1.549239e+01
2,700,1400,0,8,2.845673e+01
2,700,1400,0,9,2.229564e+01
2,700,1400,1,0,4.657354e+00
2,700,1400,1,1,4.361322e+00
2,700,1400,1,2,4.420799e+00
2,700,1400,1,3,4.504255e+00
2,700,1400,1,4,4.346570e+00
2,700,1400,1,5,4.508813e+00
2,700,1400,1,6,4.469256e+00
2,700,1400,1,7,4.476702e+00
2,700,1400,1,8,4.103766e+00
2,700,1400,1,9,4.486967e+00
2,800,801,0,0,2.978664e+00
2,800,801,0,1,2.446149e+00
2,800,801,0,2,3.215669e+00
2,800,801,0,3,2.466927e+00
2,800,801,0,4,7.417904e+00
2,800,801,0,5,2.510694e+00
2,800,801,0,6,2.161009e+00
2,800,801,0,7,4.896062e+00
2,800,801,0,8,2.353131e+00
2,800,801,0,9,2.289271e+00
2,800,801,1,0,1.868018e+00
2,800,801,1,1,1.854556e+00
2,800,801,1,2,1.877546e+00
2,800,801,1,3,1.817502e+00
2,800,801,1,4,1.837420e+00
2,800,801,1,5,1.883606e+00
2,800,801,1,6,1.865292e+00
2,800,801,1,7,1.873465e+00
2,800,801,1,8,1.833461e+00
2,800,801,1,9,1.881011e+00
2,800,1200,0,0,3.235918e+01
2,800,1200,0,1,2.710023e+01
2,800,1200,0,2,5.712589e+01
2,800,1200,0,3,4.979645e+01
2,800,1200,0,4,4.043013e+01
2,800,1200,0,5,8.929425e+01
2,800,1200,0,6,3.533584e+01
2,800,1200,0,7,5.310595e+01
2,800,1200,0,8,2.497445e+01
2,800,1200,0,9,3.427788e+01
2,800,1200,1,0,3.674715e+00
2,800,1200,1,1,3.606882e+00
2,800,1200,1,2,3.853962e+00
2,800,1200,1,3,3.909566e+00
2,800,1200,1,4,3.891165e+00
2,800,1200,1,5,3.892745e+00
2,800,1200,1,6,3.889513e+00
2,800,1200,1,7,3.983052e+00
2,800,1200,1,8,3.705674e+00
2,800,1200,1,9,3.860317e+00
2,800,1600,0,0,2.749993e+01
2,800,1600,0,1,4.454720e+01
2,800,1600,0,2,6.581715e+01
2,800,1600,0,3,5.901411e+01
2,800,1600,0,4,3.343514e+01
2,800,1600,0,5,4.896349e+01
2,800,1600,0,6,4.789827e+01
2,800,1600,0,7,2.898172e+01
2,800,1600,0,8,6.563126e+01
2,800,1600,0,9,5.869282e+01
2,800,1600,1,0,6.402659e+00
2,800,1600,1,1,6.373007e+00
2,800,1600,1,2,6.381088e+00
2,800,1600,1,3,6.311312e+00
2,800,1600,1,4,6.692061e+00
2,800,1600,1,5,6.339318e+00
2,800,1600,1,6,6.364059e+00
2,800,1600,1,7,6.712033e+00
2,800,1600,1,8,6.906395e+00
2,800,1600,1,9,6.293239e+00
2,900,901,0,0,3.555613e+00
2,900,901,0,1,4.364830e+00
2,900,901,0,2,4.052565e+00
2,900,901,0,3,3.879548e+00
2,900,901,0,4,3.931358e+00
2,900,901,0,5,3.571268e+00
2,900,901,0,6,3.771614e+00
2,900,901,0,7,1.022525e+01
2,900,901,0,8,1.241255e+01
2,900,901,0,9,3.237110e+00
2,900,901,1,0,2.423764e+00
2,900,901,1,1,2.539466e+00
2,900,901,1,2,2.544186e+00
2,900,901,1,3,2.409021e+00
2,900,901,1,4,2.505857e+00
2,900,901,1,5,2.502149e+00
2,900,901,1,6,2.494912e+00
2,900,901,1,7,2.459567e+00
2,900,901,1,8,2.468857e+00
2,900,901,1,9,2.446719e+00
2,900,1350,0,0,7.918130e+01
2,900,1350,0,1,7.798410e+01
2,900,1350,0,2,9.042109e+01
2,900,1350,0,3,3.963871e+01
2,900,1350,0,4,5.955896e+01
2,900,1350,0,5,7.375248e+01
2,900,1350,0,6,7.663516e+01
2,900,1350,0,7,5.483683e+01
2,900,1350,0,8,1.030136e+02
2,900,1350,0,9,8.056269e+01
2,900,1350,1,0,5.600350e+00
2,900,1350,1,1,5.386189e+00
2,900,1350,1,2,5.321902e+00
2,900,1350,1,3,5.051369e+00
2,900,1350,1,4,5.440567e+00
2,900,1350,1,5,5.430029e+00
2,900,1350,1,6,5.351980e+00
2,900,1350,1,7,4.937509e+00
2,900,1350,1,8,5.348213e+00
2,900,1350,1,9,5.520506e+00
2,900,1800,0,0,9.728987e+01
2,900,1800,0,1,8.376778e+01
2,900,1800,0,2,7.174147e+01
2,900,1800,0,3,7.547228e+01
2,900,1800,0,4,1.354905e+02
2,900,1800,0,5,9.126152e+01
2,900,1800,0,6,1.174086e+02
2,900,1800,0,7,9.208044e+01
2,900,1800,0,8,5.637258e+01
2,900,1800,0,9,9.648685e+01
2,900,1800,1,0,8.899623e+00
2,900,1800,1,1,8.704227e+00
2,900,1800,1,2,8.651385e+00
2,900,1800,1,3,8.776898e+00
2,900,1800,1,4,9.169193e+00
2,900,1800,1,5,8.880710e+00
2,900,1800,1,6,9.006816e+00
2,900,1800,1,7,8.782471e+00
2,900,1800,1,8,8.417995e+00
2,900,1800,1,9,8.554557e+00
2,1000,1001,0,0,5.364856e+00
2,1000,1001,0,1,5.177448e+00
2,1000,1001,0,2,5.175771e+00
2,1000,1001,0,3,5.167900e+00
2,1000,1001,0,4,5.099094e+00
2,1000,1001,0,5,5.111710e+00
2,1000,1001,0,6,5.879897e+00
2,1000,1001,0,7,5.072997e+00
2,1000,1001,0,8,6.027022e+00
2,1000,1001,0,9,6.544147e+00
2,1000,1001,1,0,3.393540e+00
2,1000,1001,1,1,3.309511e+00
2,1000,1001,1,2,3.310361e+00
2,1000,1001,1,3,3.354624e+00
2,1000,1001,1,4,3.321943e+00
2,1000,1001,1,5,3.350350e+00
2,1000,1001,1,6,3.370163e+00
2,1000,1001,1,7,3.393756e+00
2,1000,1001,1,8,3.363799e+00
2,1000,1001,1,9,3.385672e+00
2,1000,1500,0,0,8.108119e+01
2,1000,1500,0,1,6.877604e+01
2,1000,1500,0,2,1.253545e+02
2,1000,1500,0,3,1.208218e+02
2,1000,1500,0,4,8.208057e+01
2,1000,1500,0,5,1.098469e+02
2,1000,1500,0,6,1.185026e+02
2,1000,1500,0,7,1.057832e+02
2,1000,1500,0,8,9.762832e+01
2,1000,1500,0,9,5.611593e+01
2,1000,1500,1,0,7.744192e+00
2,1000,1500,1,1,7.515503e+00
2,1000,1500,1,2,7.029515e+00
2,1000,1500,1,3,7.043495e+00
2,1000,1500,1,4,6.684062e+00
2,1000,1500,1,5,7.580577e+00
2,1000,1500,1,6,7.060760e+00
2,1000,1500,1,7,7.132076e+00
2,1000,1500,1,8,7.173458e+00
2,1000,1500,1,9,6.950030e+00
2,1000,2000,0,0,8.187416e+01
2,1000,2000,0,1,1.080901e+02
2,1000,2000,0,2,1.160346e+02
2,1000,2000,0,3,1.334528e+02
2,1000,2000,0,4,1.659491e+02
2,1000,2000,0,5,1.303230e+02
2,1000,2000,0,6,1.269587e+02
2,1000,2000,0,7,1.410466e+02
2,1000,2000,0,8,1.121923e+02
2,1000,2000,0,9,1.347630e+02
2,1000,2000,1,0,1.256907e+01
2,1000,2000,1,1,1.188690e+01
2,1000,2000,1,2,1.214099e+01
2,1000,2000,1,3,1.227773e+01
2,1000,2000,1,4,1.201879e+01
2,1000,2000,1,5,1.185759e+01
2,1000,2000,1,6,1.188421e+01
2,1000,2000,1,7,1.253884e+01
2,1000,2000,1,8,1.153976e+01
2,1000,2000,1,9,1.140939e+01
